0 0.73062465 0.86771854 0.02007012 0.06632535
0 0.58733489 0.77955437 0.01390180 0.05972989
2 0.96889678 0.54403319 0.06137518 0.16073883
1 0.84606465 0.83805641 0.01970950 0.06696129
0 0.67184234 0.96879109 0.02365567 0.05634054
0 0.48550747 0.76647921 0.01199007 0.05578383
1 0.42105053 0.88050715 0.01009633 0.04372994
0 0.81483945 0.84045740 0.01994289 0.06632781
0 0.80281552 0.51567292 0.01072745 0.02318104
1 0.81492272 0.84020519 0.01999534 0.06655614
0 0.46110988 0.75727590 0.01469920 0.05650282
0 0.30538979 0.69421621 0.01181958 0.04949450
0 0.73115249 0.84651991 0.01731899 0.02192871
0 0.75917964 0.68076710 0.01097315 0.03137485
0 0.22971796 0.84200851 0.02163321 0.06568448
1 0.75923768 0.68471187 0.01153712 0.03878351
0 0.70190267 0.52299571 0.01328048 0.02040712
0 0.81576577 0.83373519 0.01775074 0.05183641
1 0.51352915 0.47812533 0.01117529 0.03594669
2 0.98711179 0.59187553 0.02577643 0.17977194
