0 0.67661402 0.79331152 0.01960616 0.05320883
0 0.63085391 0.77462788 0.01910019 0.04188863
0 0.53707587 0.40316647 0.01957538 0.03383680
1 0.70400812 0.74775525 0.01569622 0.06954869
0 0.53760524 0.41231394 0.02032306 0.05240488
1 0.44551728 0.33460802 0.00873444 0.05033688
0 0.79685155 0.39128564 0.02254807 0.05979470
0 0.68063840 0.87441138 0.01855824 0.03850516
0 0.67780267 0.87673632 0.02565969 0.04405324
0 0.44663826 0.36514521 0.01257745 0.02279091
0 0.67758835 0.88589946 0.02632241 0.06311798
0 0.79717155 0.37282985 0.02132130 0.02157446
0 0.08621171 0.67262006 0.01630382 0.03570191
0 0.04805556 0.65974941 0.01638185 0.03704027
0 0.34414566 0.47662757 0.01338172 0.03270249
0 0.62108335 0.42566093 0.01966780 0.05035273
1 0.65684518 0.48034529 0.02218793 0.11157513
0 0.24926161 0.50302152 0.01757013 0.06906366
0 0.69285902 0.71255440 0.02691065 0.09328473
0 0.46738325 0.31996689 0.00927526 0.03649557
0 0.43774631 0.35017624 0.01138470 0.03024916
1 0.65335315 0.50990307 0.01463331 0.04574601
0 0.16617811 0.52464443 0.01808078 0.03743287
0 0.50873115 0.54625062 0.02089119 0.04704769
0 0.24975564 0.48785653 0.01639197 0.03887387
