0 0.50037486 0.92702305 0.02115531 0.04136252
0 0.32166165 0.81532621 0.01885293 0.04211394
1 0.50087619 0.93852627 0.02242422 0.06553833
1 0.57914385 0.80571647 0.01417112 0.05665072
0 0.66982703 0.67045228 0.01320397 0.02460845
0 0.66963248 0.67710785 0.01368080 0.03746708
0 0.27102939 0.66369947 0.01392503 0.02197599
1 0.27124543 0.67829812 0.01432737 0.05110447
0 0.49927150 0.94237971 0.02554204 0.07364798
0 0.28943755 0.84850355 0.01962142 0.04441365
0 0.32199356 0.82713715 0.01962465 0.06860193
0 0.66858586 0.68231348 0.01531332 0.04651332
0 0.44911575 0.53797251 0.01614848 0.04421500
1 0.23490642 0.63652847 0.01780967 0.04212717
1 0.92633351 0.70710238 0.01604392 0.07904530
0 0.27122560 0.67814140 0.01437430 0.05054736
0 0.66526632 0.69052541 0.02108916 0.03489836
0 0.44940745 0.52666974 0.01542187 0.02135197
0 0.66603942 0.68285149 0.02144137 0.04968798
0 0.46906629 0.58971534 0.01077284 0.04122595
1 0.32225082 0.82723180 0.01949705 0.06903696
0 0.23463536 0.63420560 0.01712845 0.03607039
1 0.32262044 0.84925099 0.02033208 0.11205220
1 0.66602289 0.68406228 0.02004090 0.04938420
1 0.93356085 0.72030973 0.02217388 0.10565805
1 0.47334658 0.59022482 0.01902103 0.04247125
