0 0.31807601 0.55867592 0.02494736 0.05520105
0 0.70512774 0.76865272 0.02302816 0.07159146
0 0.74428732 0.86799093 0.03529254 0.09050727
1 0.68677133 0.80637435 0.02398530 0.08525221
0 0.22802601 0.72446366 0.02121581 0.05036775
1 0.24141767 0.80518035 0.02800686 0.11877577
0 0.20491365 0.86013190 0.02631385 0.07043886
0 0.16568744 0.53887335 0.01544698 0.05312745
1 0.77701937 0.84494102 0.02996956 0.08750796
0 0.53824730 0.45128379 0.02054037 0.06867317
0 0.67960824 0.67076661 0.01842729 0.04284426
1 0.80842478 0.66071606 0.02217275 0.06413619
1 0.83039921 0.68093884 0.01960728 0.06855607
0 0.18516781 0.75206355 0.02363019 0.06681418
1 0.78065075 0.72486126 0.02619379 0.09735338
0 0.27570003 0.88155619 0.02235126 0.08192619
0 0.17215249 0.67098099 0.02504597 0.04660849
0 0.65139454 0.91083109 0.02242938 0.05334989
1 0.74164200 0.78037322 0.02634482 0.11348462
0 0.74597168 0.85396103 0.03092471 0.06086898
0 0.71498186 0.85010215 0.02530809 0.05684813
0 0.16587613 0.54751360 0.01699874 0.07156936
1 0.71666095 0.82170737 0.02900691 0.11070259
1 0.28949522 0.80381183 0.02427177 0.10709898
0 0.67898497 0.69204398 0.02045748 0.08392262
1 0.29057420 0.92220390 0.02638869 0.08080951
1 0.80431812 0.80282247 0.02521472 0.07546035
0 0.29044972 0.92020778 0.02524140 0.07799013
1 0.27410552 0.79373995 0.01928622 0.10263681
0 0.16933661 0.74904223 0.01489353 0.05403463
0 0.25255846 0.91733329 0.02865945 0.05961847
0 0.25433359 0.92721069 0.03134123 0.08053470
1 0.53819505 0.45466204 0.02053564 0.07109149
1 0.67934680 0.69337348 0.02028348 0.08616853
0 0.19238444 0.69745028 0.02119255 0.07051539
1 0.75254345 0.68953983 0.01969442 0.06586027
0 0.22191996 0.90970238 0.02430255 0.05982176
1 0.71545748 0.83822179 0.02710065 0.07871787
1 0.75913191 0.76066490 0.01875921 0.07687211
0 0.71553120 0.82909687 0.02753323 0.09758425
1 0.78323338 0.63355951 0.01614154 0.09593240
1 0.80517834 0.69288780 0.02007528 0.08651555
0 0.17591933 0.68541545 0.01984863 0.06571337
0 0.12513777 0.57997847 0.02289594 0.06173507
0 0.76492414 0.64709711 0.02269311 0.05163081
0 0.29740958 0.87216814 0.01656381 0.04542335
0 0.29909777 0.79324798 0.02220147 0.07351136
0 0.78079479 0.73170185 0.02545192 0.08150593
1 0.22198350 0.79876383 0.02424873 0.10797246
1 0.22406513 0.81241210 0.02808159 0.09615819
1 0.29944007 0.79571275 0.02279331 0.07964985
0 0.12827474 0.58367332 0.01759624 0.05237794
0 0.76485278 0.63943444 0.02115076 0.03607142
0 0.27345872 0.79030764 0.01715183 0.09439158
0 0.20379055 0.85078220 0.02468558 0.05152822
0 0.87455372 0.51326356 0.01747539 0.05688997
0 0.22161790 0.90097634 0.02442141 0.04185772
0 0.27575055 0.86729678 0.02229582 0.05364799
0 0.16608089 0.55828663 0.01926976 0.06688388
1 0.80336059 0.70270594 0.02005178 0.07128652
1 0.82969566 0.69576104 0.02054743 0.09850677
0 0.25180048 0.90102772 0.02781441 0.07128167
0 0.74258666 0.75438877 0.02354934 0.06354896
