1 0.63493757 0.72997089 0.01876029 0.10568849
0 0.27907804 0.55975850 0.01971919 0.04114890
0 0.33534232 0.58073835 0.02206295 0.05818963
0 0.37716387 0.38723149 0.01686941 0.02233350
1 0.46999868 0.85987175 0.02347456 0.08726064
0 0.19562534 0.67175436 0.02420662 0.02830172
1 0.63476970 0.71768530 0.01706670 0.08182732
0 0.19526736 0.68415101 0.02619993 0.05352465
1 0.63808513 0.72939936 0.02581072 0.11119143
0 0.46940938 0.85953228 0.02293621 0.08885574
0 0.47568258 0.85998742 0.03546624 0.08848747
0 0.37748541 0.39175626 0.01770323 0.03168424
0 0.28025364 0.57373774 0.02275473 0.06717340
0 0.81306627 0.85113700 0.02647599 0.07963785
