0 0.17004926 0.90738146 0.04211569 0.17192173
1 0.17024222 0.90848394 0.04248499 0.17420061
0 0.66207799 0.73136183 0.04217581 0.12421330
1 0.05154517 0.66241779 0.03192989 0.10576220
0 0.44749559 0.58367995 0.01725873 0.05266118
1 0.62490216 0.79707599 0.02647079 0.09417741
0 0.39502879 0.60585705 0.02205896 0.05011654
0 0.44764985 0.59468524 0.01775945 0.07565618
0 0.39448990 0.62589306 0.02338548 0.08933620
1 0.58379594 0.93924908 0.03736062 0.11630352
0 0.18408463 0.48343645 0.02213660 0.07714617
1 0.66202992 0.73133043 0.04138487 0.12383072
0 0.18308204 0.47202154 0.02001731 0.05467582
1 0.19650990 0.93352989 0.02106775 0.12743386
0 0.18911723 0.49485191 0.01553754 0.05687737
1 0.06714507 0.34670845 0.01557912 0.09699609
0 0.16997511 0.88035842 0.04216661 0.11879722
1 0.07118299 0.34905926 0.01455633 0.10354265
1 0.07801614 0.34214573 0.01650591 0.10148873
1 0.44704060 0.59862123 0.02060431 0.07586857
