0 0.15274357 0.77293046 0.02225733 0.06119013
0 0.41164205 0.46558893 0.01432649 0.05413103
1 0.35216459 0.45690308 0.01231657 0.04897916
0 0.90052249 0.70180694 0.01785226 0.04089212
0 0.51226915 0.37610112 0.01098720 0.04758441
0 0.20148838 0.74662312 0.02434239 0.06134605
1 0.46741137 0.63608227 0.01686707 0.09393656
1 0.60473915 0.44660741 0.01211166 0.06766323
0 0.95808883 0.78387252 0.01605372 0.04554796
0 0.89984222 0.71377480 0.01934355 0.06534155
0 0.75765800 0.69428261 0.01983799 0.08598661
0 0.18816605 0.57702776 0.01876767 0.05692776
0 0.68222716 0.62385627 0.02297094 0.06250866
0 0.51253421 0.36288814 0.01053554 0.02022457
1 0.60502091 0.44049631 0.01046233 0.05458327
0 0.15258246 0.76262561 0.02160168 0.04292727
0 0.75788667 0.66923785 0.01827439 0.03617493
0 0.35245798 0.45603937 0.01103540 0.04673731
0 0.91605408 0.47902109 0.01963347 0.05656723
0 0.91940459 0.46491007 0.01316426 0.02608514
0 0.15013922 0.69416193 0.02249559 0.05466104
1 0.15226698 0.77399850 0.02129333 0.06287225
1 0.75730580 0.69482801 0.01963607 0.08836496
0 0.20118242 0.73090518 0.02526949 0.09031224
0 0.46686094 0.65403523 0.01882926 0.06268537
1 0.41236507 0.47702724 0.01772512 0.07585927
1 0.46745116 0.62580913 0.01425834 0.07402130
1 0.05193574 0.64730493 0.01233443 0.07283417
0 0.31231964 0.50072000 0.01916146 0.04233348
0 0.75198009 0.49445705 0.01829650 0.03052433
1 0.94266475 0.87234453 0.02982538 0.08675949
1 0.20189401 0.71601029 0.03022339 0.08039117
0 0.91905902 0.47624634 0.01383755 0.04828409
0 0.93930934 0.80103989 0.01711837 0.07222311
0 0.68164115 0.63961979 0.02367679 0.09513879
0 0.35012074 0.45861000 0.01720849 0.04675011
0 0.93838211 0.81290142 0.01572895 0.04988909
