1 0.33650529 0.68311538 0.02115365 0.11733393
0 0.29448522 0.89013644 0.03364030 0.09051108
1 0.59743164 0.71349172 0.02052892 0.07774663
1 0.41242487 0.88136760 0.02578250 0.12298568
0 0.29458310 0.90608386 0.03574332 0.12349089
0 0.40453352 0.70396870 0.02063682 0.09033231
0 0.74886300 0.56308808 0.01743637 0.05759450
0 0.59736469 0.71380659 0.02048085 0.07854994
0 0.30758468 0.94040875 0.02198739 0.05683732
1 0.40399371 0.70398492 0.02222013 0.08977981
0 0.35923081 0.65727166 0.02147789 0.07650081
1 0.40753664 0.87855168 0.03617408 0.11704580
1 0.36006489 0.65712657 0.02144087 0.07577948
1 0.30714214 0.94112678 0.02216974 0.05672908
0 0.82105212 0.65859346 0.01939149 0.05079627
1 0.85772211 0.72521810 0.02297904 0.06788770
