0 0.13885576 0.82710878 0.02268517 0.06802066
0 0.19760562 0.69876285 0.02693157 0.06513731
0 0.26639289 0.71576782 0.02490817 0.06681673
0 0.65426967 0.43035891 0.01518297 0.03868854
1 0.13900317 0.82707496 0.02295520 0.06818064
0 0.19787963 0.71329967 0.02715798 0.09260194
0 0.20498460 0.41400107 0.01299741 0.05068970
0 0.86013300 0.67298047 0.01832216 0.06483777
1 0.86047277 0.67348492 0.01852590 0.06558315
1 0.20559146 0.41604350 0.01480168 0.05629750
1 0.77862267 0.63043100 0.02532413 0.12189519
1 0.55176310 0.35315788 0.00786487 0.03315449
1 0.11619654 0.32367162 0.01333634 0.05199361
1 0.26669675 0.72095688 0.02668643 0.07632971
0 0.83236837 0.54758068 0.01531350 0.07025711
0 0.83367629 0.53769137 0.01823278 0.08666623
1 0.26715132 0.73597904 0.02893034 0.10860499
0 0.68287862 0.42087736 0.01403098 0.05257531
0 0.77668281 0.73879234 0.02369126 0.07776308
1 0.77648813 0.73836060 0.02436014 0.07802256
0 0.20900294 0.46553934 0.01564054 0.04766647
1 0.19617753 0.43628665 0.01171923 0.05830447
1 0.19443966 0.43323018 0.01473646 0.06576057
1 0.84005243 0.51292342 0.01242534 0.08403885
0 0.77920849 0.59821280 0.02408244 0.05801447
0 0.20681942 0.48956360 0.01912969 0.07302686
0 0.66732485 0.43530222 0.01404494 0.04610952
1 0.43523695 0.36932343 0.01160990 0.03938735
0 0.14597798 0.35182605 0.01011143 0.02967878
1 0.43624332 0.37649349 0.01470236 0.05088194
0 0.68296669 0.43234018 0.01466001 0.07356032
1 0.83385507 0.53385935 0.01537782 0.09062111
