1 0.29050968 0.91666321 0.03256759 0.16519332
1 0.43894163 0.47690032 0.01609434 0.10108252
1 0.16716198 0.82451705 0.03444434 0.14635094
0 0.86216966 0.68364706 0.02684220 0.07712622
1 0.14289912 0.64203827 0.02465897 0.12066380
0 0.48022288 0.50989723 0.02262870 0.06546895
0 0.90434569 0.59203511 0.02215004 0.06725689
0 0.34343923 0.99058362 0.03946903 0.01883276
1 0.91486796 0.62468549 0.02289226 0.12008532
0 0.19694061 0.94751469 0.04014320 0.09526237
0 0.53976887 0.40268721 0.01591821 0.04581829
1 0.63674433 0.39486647 0.01556266 0.07584866
0 0.51527602 0.46645238 0.01471004 0.05599010
0 0.25387078 0.52620612 0.02957160 0.07437893
0 0.77078026 0.82640922 0.03759913 0.05396851
1 0.83525281 0.94967910 0.04495023 0.10064181
0 0.09551611 0.65260202 0.02355843 0.06282222
0 0.53025514 0.48707505 0.01718660 0.05802147
1 0.20544598 0.80948853 0.03195216 0.10728788
0 0.07856544 0.67387134 0.02255033 0.04688982
1 0.52680206 0.40526154 0.01444765 0.09608090
1 0.48520751 0.40077702 0.01721087 0.07865858
1 0.87001120 0.94222128 0.03162601 0.11555743
0 0.18598376 0.55106386 0.01892955 0.06323266
1 0.16979809 0.66114539 0.02938912 0.07925649
1 0.47177360 0.45960756 0.01500498 0.12607821
1 0.13972190 0.63594323 0.01933438 0.10726360
1 0.95454493 0.50726245 0.01521665 0.10128510
0 0.07933010 0.68739325 0.02419322 0.07455750
1 0.47236005 0.44575240 0.01435462 0.08409981
1 0.09158246 0.43340816 0.01517140 0.07508783
1 0.92446379 0.70562164 0.02720902 0.09258270
0 0.95234268 0.36566583 0.01924992 0.03900186
1 0.87960048 0.86219041 0.02665251 0.06312990
1 0.99258232 0.56291185 0.01441418 0.09399323
1 0.11717127 0.71866159 0.02143822 0.08598320
0 0.52674040 0.41996574 0.01372272 0.06701454
1 0.47146921 0.43474623 0.01479327 0.08354537
1 0.27369544 0.33677738 0.00926462 0.04292796
0 0.05881642 0.40879548 0.01133461 0.04148785
0 0.22806988 0.32656002 0.01528304 0.04239893
0 0.16962942 0.66133469 0.03061885 0.07981392
0 0.09267087 0.45020092 0.01293243 0.04230293
0 0.27403718 0.33915893 0.01019961 0.04107165
0 0.61841241 0.39062365 0.01058197 0.03335230
1 0.48382371 0.41386950 0.01936449 0.10539269
0 0.95392045 0.35396167 0.01559760 0.01592573
0 0.92418025 0.69480618 0.02598043 0.06905365
0 0.39888113 0.46732924 0.01813724 0.06911973
1 0.52603370 0.39281929 0.01432055 0.06930145
1 0.08095095 0.68797743 0.02722568 0.07766589
1 0.09222500 0.44275175 0.01359760 0.05694886
1 0.52676242 0.41892650 0.01367625 0.06981162
1 0.24932394 0.33710683 0.00979469 0.04657092
0 0.48560567 0.38450452 0.01526061 0.04630915
1 0.09170843 0.42217090 0.01507506 0.05144012
0 0.48559958 0.39753677 0.01597660 0.07191249
0 0.22539855 0.32951772 0.01927859 0.04395231
1 0.90873198 0.95475511 0.04183856 0.09048978
0 0.25038536 0.33572420 0.01121679 0.04664419
1 0.39929212 0.46262455 0.01848030 0.07611283
0 0.07125947 0.43579497 0.01264437 0.04566220
0 0.48008793 0.50067862 0.02361540 0.04702926
0 0.26398818 0.31925165 0.01326719 0.05109503
1 0.05530653 0.43705656 0.01010086 0.04757988
1 0.52579008 0.38122646 0.01302199 0.04653859
