0 0.12078348 0.86145401 0.02527392 0.05989504
0 0.31316834 0.72965916 0.02178281 0.06720161
1 0.33653463 0.71595629 0.01894964 0.07601659
1 0.60656649 0.30365572 0.01661808 0.08637305
0 0.73938144 0.75889850 0.02642059 0.04569308
1 0.31301061 0.72980845 0.02111244 0.06789486
0 0.67453532 0.56094736 0.03087668 0.08617914
1 0.29685607 0.67446836 0.01462072 0.07331244
1 0.71539066 0.37891493 0.01720684 0.09653223
0 0.16438306 0.76521146 0.02939955 0.09134412
1 0.27472255 0.69914263 0.01831193 0.07192322
1 0.54690541 0.86383688 0.02681199 0.08310930
1 0.16406915 0.80869631 0.03415172 0.17694259
0 0.47450092 0.76976518 0.01872383 0.05022899
0 0.67441021 0.53484205 0.03068872 0.03498602
1 0.16471329 0.76593471 0.03146979 0.09231853
0 0.52958974 0.34926187 0.01966745 0.06013451
1 0.71615566 0.36297017 0.01317787 0.06231391
0 0.33568555 0.71633526 0.02060979 0.07752204
0 0.65248249 0.57747197 0.02040789 0.03408432
0 0.73809067 0.76566919 0.02959065 0.05970605
0 0.78403928 0.59630205 0.01903837 0.04731341
1 0.30836786 0.67661031 0.01312269 0.05296564
0 0.93049968 0.89933749 0.02621668 0.03942450
0 0.90187979 0.64101990 0.01994870 0.05124521
0 0.92695496 0.90366010 0.03315353 0.04967252
