1 0.42708333 0.51470588 0.01838235 0.02941176
1 0.46936275 0.54748775 0.02696078 0.02696078
1 0.48039216 0.54243260 0.02941176 0.02971814
1 0.68995098 0.00842525 0.02532680 0.01685049
1 0.56535948 0.28354779 0.03839869 0.01194853
1 0.58312908 0.31525735 0.01348039 0.02696078
1 0.52226307 0.28753064 0.01593137 0.02359069
1 0.37438725 0.76807598 0.03799020 0.03370098
0 0.64848856 0.10431985 0.01838235 0.01194853
2 0.78717320 0.32337623 0.02859477 0.00949755
2 0.80494281 0.20634191 0.01266340 0.01501225
2 0.88031046 0.06020221 0.01960784 0.01011029
2 0.90482026 0.49065564 0.01960784 0.02236520
