1 0.36647576 0.60373018 0.01443421 0.06005879
1 0.34603933 0.63323645 0.01719017 0.08389163
0 0.29773694 0.55575099 0.01946031 0.05898249
1 0.71550244 0.67607665 0.01755437 0.06886641
0 0.25340494 0.66049886 0.02089080 0.06246583
0 0.53058750 0.68424471 0.01926786 0.09465488
0 0.04451506 0.81251045 0.02451312 0.06830239
1 0.54505680 0.64614026 0.01457193 0.06947708
1 0.55746969 0.56343212 0.01928429 0.05722177
0 0.40295592 0.62966776 0.02329575 0.10943651
1 0.72763205 0.68075466 0.01723524 0.09940672
0 0.29741364 0.53913671 0.01909306 0.02639576
1 0.27263439 0.94711475 0.03483233 0.10551985
1 0.90454496 0.71468616 0.01992650 0.06121604
1 0.43199195 0.66620715 0.01273142 0.07109944
0 0.22475784 0.72225746 0.01810455 0.05637264
0 0.27182122 0.94650181 0.03254752 0.10416333
1 0.52986037 0.68739520 0.02006912 0.09982789
1 0.64453266 0.71014905 0.01597669 0.06879123
0 0.55833155 0.56293585 0.01756083 0.05872746
1 0.04474581 0.81479057 0.02574306 0.07100153
0 0.40305142 0.60729400 0.02294038 0.06388760
1 0.54553051 0.44082922 0.01169001 0.05398230
0 0.25311103 0.64678158 0.02032226 0.03460348
0 0.22446235 0.71313743 0.01622194 0.03766974
0 0.20831892 0.84917247 0.01687130 0.03797730
1 0.40244538 0.63034052 0.02462469 0.11134477
0 0.64448268 0.70955789 0.01630415 0.06723539
2 0.06302344 0.46517509 0.02276904 0.05934505
1 0.25288094 0.65805469 0.01947277 0.05381691
0 0.62316888 0.42498891 0.02074610 0.04141045
0 0.62372351 0.41910630 0.01943233 0.03040810
1 0.28305760 0.65757660 0.01506589 0.04755632
1 0.54569793 0.42945323 0.00951563 0.03024224
