0 0.82205365 0.21361684 0.04752506 0.12620054
1 0.87907449 0.91480609 0.03952642 0.17038782
0 0.24726175 0.86208546 0.03502978 0.07468518
0 0.42415324 0.66725183 0.02286105 0.04892476
0 0.60526456 0.59387624 0.01892952 0.05348611
1 0.95038518 0.81588030 0.04466456 0.15413586
0 0.94983482 0.81613723 0.04460682 0.15475019
1 0.48665690 0.91883512 0.02760354 0.07832011
0 0.90089976 0.54874990 0.02436647 0.05916965
0 0.45120157 0.88012842 0.03817723 0.06688190
0 0.26441060 0.61881950 0.01928260 0.04439779
0 0.41119582 0.57347284 0.01613925 0.04464980
0 0.90085736 0.56331458 0.02505467 0.08738633
1 0.90034849 0.57115777 0.02596890 0.10513846
0 0.25826643 0.68904889 0.01689287 0.05091373
0 0.95432745 0.76660709 0.03595760 0.05558054
0 0.05569674 0.88585413 0.03239396 0.07829960
0 0.05558528 0.86670609 0.03029595 0.03886231
0 0.25896200 0.69594796 0.01543505 0.03863446
0 0.45109161 0.91072210 0.03893354 0.12931490
0 0.95377658 0.80270449 0.03766606 0.12763389
0 0.25101087 0.68680437 0.03071551 0.04908323
0 0.39920586 0.47002490 0.03325740 0.11204584
0 0.24954359 0.69412291 0.03514890 0.06305464
