0 0.08568554 0.47364593 0.02673709 0.07699569
1 0.25564189 0.69708010 0.03309649 0.17515826
0 0.23132127 0.53258085 0.03155626 0.09642291
1 0.14599035 0.56156808 0.02705555 0.10913344
0 0.56541744 0.40097378 0.01402703 0.04579198
0 0.82402689 0.60923662 0.02391919 0.04760889
0 0.65494178 0.39488713 0.01605112 0.04408574
1 0.82358399 0.63226263 0.02569762 0.09429630
0 0.82402723 0.61886038 0.02491674 0.06771354
0 0.82413981 0.63305493 0.02642727 0.09766666
1 0.65547475 0.39576040 0.01802444 0.04484800
