1 0.52315497 0.84796751 0.01374960 0.07790001
1 0.45150954 0.85990345 0.01480618 0.08155735
0 0.57456131 0.76481616 0.02215450 0.06274788
1 0.49011803 0.77290897 0.01342037 0.05798316
0 0.55795008 0.60098902 0.01608558 0.04263330
0 0.20743147 0.68706711 0.01615282 0.05670961
0 0.54904990 0.84893624 0.01510429 0.06200870
1 0.54918736 0.84850180 0.01529061 0.06228153
1 0.60692306 0.50377258 0.01048496 0.05445504
0 0.49913153 0.75238411 0.01609182 0.05275631
0 0.48392352 0.87647919 0.01722336 0.06265346
0 0.53193773 0.69222244 0.01127139 0.04825767
1 0.34977811 0.49781253 0.00998484 0.04753021
0 0.31139282 0.55315447 0.00997181 0.03839842
1 0.91137544 0.56492227 0.01168398 0.05885382
1 0.20733586 0.68819857 0.01658102 0.05864890
1 0.48429853 0.87691220 0.01729445 0.06358274
1 0.62271578 0.55316218 0.00878750 0.04209733
0 0.58526674 0.54320554 0.01210581 0.04347285
0 0.63425281 0.58284762 0.01106158 0.03916887
1 0.89656444 0.50161960 0.00719530 0.03926678
1 0.26646138 0.61249924 0.01103954 0.04651825
1 0.63650450 0.51443195 0.01031455 0.06120364
1 0.66074766 0.40426240 0.00873514 0.03457161
0 0.30011953 0.55995794 0.01137391 0.04051924
1 0.58172367 0.69169001 0.01107428 0.04909301
0 0.62261406 0.55258753 0.00937934 0.04290942
0 0.48980002 0.37117277 0.00751964 0.02869689
1 0.37287140 0.48707400 0.01058379 0.05364239
1 0.59075217 0.50454422 0.00948030 0.04281259
0 0.46211483 0.83308017 0.02224649 0.04322426
0 0.63491847 0.49892205 0.00988692 0.03544525
1 0.12407187 0.70790438 0.02314635 0.03899662
1 0.36029789 0.51853768 0.01361303 0.04915055
1 0.36331521 0.51372399 0.00915956 0.04057705
0 0.57973755 0.53049086 0.01745532 0.02816586
1 0.49187344 0.36843735 0.00673173 0.02875547
0 0.59080169 0.50537594 0.00991071 0.04371858
