1 0.007353 0.120567 0.014706 0.109929
1 0.022059 0.332447 0.040441 0.271277
1 0.024816 0.129433 0.034926 0.170213
1 0.049632 0.113475 0.036765 0.219858
1 0.068934 0.139184 0.027574 0.168440
1 0.102941 0.144504 0.073529 0.186170
1 0.399816 0.667553 0.038603 0.058511
1 0.434743 0.596631 0.038603 0.147163
1 0.450368 0.745567 0.033088 0.054965
1 0.463235 0.789007 0.029412 0.109929
1 0.505515 0.781915 0.022059 0.156028
1 0.523897 0.767730 0.025735 0.163121
1 0.600184 0.740248 0.123162 0.118794
1 0.840074 0.782801 0.316176 0.136525
