1 0.196094 0.490625 0.392188 0.314583
1 0.208594 0.853125 0.417187 0.293750
1 0.250000 0.094792 0.321875 0.189583
1 0.254688 0.480208 0.275000 0.302083
1 0.646094 0.792708 0.201562 0.314583
1 0.656250 0.440625 0.218750 0.310417
1 0.573438 0.817708 0.046875 0.235417
1 0.651563 0.114583 0.196875 0.225000
1 0.679688 0.767708 0.128125 0.243750
1 0.879687 0.944792 0.031250 0.110417
1 0.922656 0.742708 0.101562 0.164583
1 0.929688 0.498958 0.112500 0.143750
1 0.935156 0.316667 0.110938 0.087500
1 0.940625 0.186458 0.112500 0.081250
