1 0.261799 0.434735 0.019174 0.024336
1 0.366519 0.294248 0.048673 0.026549
1 0.368732 0.356195 0.053097 0.048673
1 0.370206 0.414823 0.050148 0.046460
1 0.375369 0.470133 0.051622 0.055310
1 0.376844 0.524336 0.051622 0.053097
1 0.381268 0.578540 0.051622 0.064159
1 0.474189 0.284292 0.104720 0.055310
1 0.477139 0.372788 0.101770 0.077434
1 0.478614 0.442478 0.092920 0.079646
1 0.480826 0.600664 0.091445 0.095133
1 0.479351 0.681416 0.085546 0.119469
1 0.487463 0.532080 0.078171 0.099558
1 0.618732 0.696903 0.051622 0.079646
1 0.617994 0.782080 0.038348 0.068584
1 0.626844 0.599558 0.044248 0.070796
1 0.633481 0.484513 0.045723 0.079646
1 0.640855 0.367257 0.051622 0.066372
1 0.637168 0.813053 0.044248 0.077434
1 0.643068 0.250000 0.053097 0.070796
1 0.643068 0.716814 0.041298 0.084071
1 0.651180 0.608407 0.048673 0.075221
1 0.656342 0.495575 0.044248 0.079646
1 0.671091 0.236726 0.064897 0.061947
1 0.666667 0.370575 0.047198 0.073009
1 0.662979 0.837389 0.039823 0.086283
1 0.674779 0.728982 0.045723 0.095133
1 0.683628 0.619469 0.042773 0.084071
1 0.693953 0.375000 0.054572 0.090708
1 0.690265 0.497788 0.044248 0.084071
1 0.693953 0.859513 0.036873 0.081858
1 0.708702 0.234513 0.057522 0.075221
1 0.705015 0.752212 0.047198 0.097345
1 0.711652 0.640487 0.057522 0.090708
1 0.727876 0.506637 0.057522 0.092920
1 0.725664 0.888274 0.044248 0.086283
1 0.731563 0.378319 0.053097 0.092920
1 0.735988 0.776549 0.058997 0.097345
1 0.743363 0.228982 0.070796 0.081858
1 0.751475 0.660398 0.057522 0.103982
1 0.760324 0.513274 0.054572 0.092920
1 0.755162 0.919248 0.032448 0.099558
1 0.773599 0.382743 0.060472 0.101770
1 0.773599 0.800885 0.039823 0.106195
1 0.789086 0.233407 0.064897 0.117257
1 0.783923 0.678097 0.042773 0.112832
1 0.799410 0.545354 0.032448 0.086283
1 0.814897 0.392699 0.048673 0.086283
1 0.832596 0.233407 0.042773 0.090708
