1 0.78764205 0.91601562 0.03977273 0.16536458
1 0.57812500 0.90169271 0.03835227 0.19401042
1 0.68146307 0.83593750 0.03196023 0.18750000
2 0.73757102 0.92513021 0.04190341 0.14713542
1 0.29296875 0.62369792 0.01775568 0.10416667
1 0.27485795 0.61848958 0.01420455 0.07031250
1 0.34232955 0.60677083 0.01562500 0.05989583
1 0.26278409 0.62239583 0.01562500 0.07552083
0 0.66015625 0.94270833 0.05042614 0.11197917
0 0.31640625 0.63346354 0.02059659 0.04817708
2 0.69850852 0.99023438 0.03480114 0.01692708
0 0.61399148 0.65039062 0.03480114 0.09505208
