2 0.70419034 0.85091146 0.02911932 0.06640625
2 0.29403409 0.81119792 0.02130682 0.05989583
0 0.62215909 0.52148438 0.02698864 0.07421875
2 0.35475852 0.66731771 0.01633523 0.05078125
2 0.28693182 0.57682292 0.01846591 0.06250000
1 0.26953125 0.56510417 0.01491477 0.07031250
0 0.79474432 0.51367188 0.01846591 0.03515625
1 0.26420455 0.59244792 0.01278409 0.04687500
0 0.66406250 0.81184896 0.02698864 0.07421875
2 0.30362216 0.62109375 0.01633523 0.04687500
1 0.32386364 0.65820312 0.02272727 0.08463542
2 0.38671875 0.84049479 0.02059659 0.05859375
