1 0.32776989 0.93294271 0.02485795 0.13151042
1 0.46697443 0.93229167 0.02343750 0.13281250
0 0.36008523 0.93229167 0.03125000 0.09375000
0 0.40447443 0.92187500 0.02911932 0.08854167
0 0.52592330 0.74869792 0.02485795 0.07291667
0 0.52095170 0.84505208 0.03196023 0.04687500
1 0.97656250 0.69466146 0.01846591 0.06901042
2 0.50745739 0.97656250 0.02627841 0.04427083
0 0.28728693 0.60611979 0.02201705 0.03776042
0 0.18501420 0.79101562 0.03053977 0.08203125
2 0.44318182 0.95377604 0.02556818 0.08984375
0 0.67791193 0.69661458 0.02201705 0.04687500
1 0.95987216 0.70312500 0.01491477 0.05468750
1 0.47904830 0.60677083 0.01065341 0.05729167
