1 0.25000000 0.71289062 0.02272727 0.09765625
1 0.75639205 0.63606771 0.02272727 0.09244792
2 0.77982955 0.66145833 0.02414773 0.08072917
1 0.30468750 0.61848958 0.01988636 0.09375000
0 0.29083807 0.83528646 0.02485795 0.07421875
2 0.68181818 0.90429688 0.02698864 0.06640625
2 0.26953125 0.73307292 0.02201705 0.06250000
2 0.81498580 0.56250000 0.01775568 0.06510417
2 0.61434659 0.98502604 0.02414773 0.02734375
1 0.64666193 0.93880208 0.03053977 0.11979167
0 0.59019886 0.94335938 0.03693182 0.09505208
0 0.26811080 0.79296875 0.02485795 0.07552083
1 0.39808239 0.64192708 0.02059659 0.08593750
1 0.79083807 0.55403646 0.01917614 0.08723958
1 0.54332386 0.39778646 0.01704545 0.06119792
1 0.25142045 0.44205729 0.01562500 0.06119792
2 0.84232955 0.51302083 0.01562500 0.05729167
0 0.37500000 0.58268229 0.01988636 0.04296875
2 0.55646307 0.41861979 0.01207386 0.04817708
1 0.27272727 0.42708333 0.01278409 0.04166667
