0 0.74041193 0.94205729 0.01917614 0.06380208
2 0.14772727 0.94010417 0.01988636 0.05729167
0 0.24396307 0.88346354 0.01917614 0.04296875
0 0.20134943 0.73502604 0.01491477 0.04296875
0 0.77805398 0.67838542 0.01633523 0.03385417
0 0.18252841 0.53255208 0.01278409 0.03906250
0 0.47620739 0.52604167 0.01207386 0.01822917
0 0.75284091 0.85156250 0.01704545 0.05468750
1 0.47656250 0.61393229 0.01420455 0.06380208
2 0.78267045 0.85416667 0.01562500 0.05208333
1 0.17045455 0.84179688 0.01562500 0.04817708
0 0.15944602 0.85872396 0.01633523 0.04557292
0 0.71839489 0.79492188 0.01775568 0.03255208
0 0.24431818 0.69921875 0.01562500 0.02343750
2 0.82244318 0.35611979 0.00994318 0.03255208
