0 0.67968750 0.81640625 0.03409091 0.08593750
0 0.75284091 0.92903646 0.03977273 0.07682292
1 0.36434659 0.61328125 0.01562500 0.05989583
1 0.74325284 0.51367188 0.01349432 0.05338542
1 0.07919034 0.82486979 0.02769886 0.12630208
2 0.08558239 0.95898438 0.02911932 0.07942708
2 0.02485795 0.76236979 0.02130682 0.07421875
2 0.41974432 0.62565104 0.01988636 0.05078125
2 0.63139205 0.96484375 0.03125000 0.07031250
2 0.23579545 0.64192708 0.01988636 0.04687500
2 0.01278409 0.66992188 0.01562500 0.05598958
2 0.76384943 0.80143229 0.02201705 0.04036458
2 0.15447443 0.67382812 0.01917614 0.03776042
2 0.04865057 0.96614583 0.02627841 0.06510417
2 0.55362216 0.58072917 0.01633523 0.04947917
