1 0.64062500 0.90234375 0.03835227 0.03645833
1 0.28693182 0.67317708 0.01562500 0.05468750
2 0.72265625 0.97721354 0.01917614 0.04296875
0 0.31143466 0.70638021 0.02485795 0.06901042
0 0.22975852 0.87825521 0.03196023 0.09505208
2 0.10227273 0.94270833 0.02272727 0.02604167
2 0.72372159 0.85807292 0.02414773 0.02604167
0 0.25106534 0.39062500 0.01349432 0.02083333
0 0.93004261 0.79947917 0.01917614 0.03125000
0 0.50710227 0.64257812 0.02556818 0.04557292
0 0.39382102 0.39583333 0.01349432 0.02083333
0 0.67045455 0.44986979 0.01420455 0.02473958
1 0.08274148 0.91666667 0.01633523 0.05208333
0 0.60404830 0.43033854 0.01633523 0.04036458
