0 0.51384943 0.52669271 0.03053977 0.06119792
0 0.29190341 0.44921875 0.02698864 0.04687500
0 0.34907670 0.61979167 0.04474432 0.08854167
0 0.45667614 0.37565104 0.01704545 0.04817708
0 0.62926136 0.43619792 0.02272727 0.04166667
0 0.53196023 0.83007812 0.02982955 0.04817708
1 0.73650568 0.76692708 0.02272727 0.12239583
1 0.79367898 0.68164062 0.02201705 0.11328125
2 0.62819602 0.87174479 0.02485795 0.09765625
2 0.78586648 0.55989583 0.01633523 0.06250000
2 0.68785511 0.69661458 0.01775568 0.04166667
2 0.73330966 0.64973958 0.01917614 0.07812500
2 0.58629261 0.87890625 0.02343750 0.09895833
2 0.16370739 0.52929688 0.01207386 0.04817708
