0 0.31214489 0.77343750 0.03338068 0.06250000
1 0.52592330 0.55924479 0.02343750 0.06380208
0 0.05113636 0.94401042 0.02414773 0.05208333
0 0.24786932 0.20442708 0.01846591 0.04947917
0 0.65021307 0.76041667 0.03622159 0.08593750
0 0.84978693 0.72070312 0.02343750 0.07161458
2 0.52556818 0.55924479 0.02414773 0.06640625
0 0.10085227 0.55664062 0.02414773 0.06119792
0 0.59197443 0.53059896 0.02627841 0.05598958
2 0.21910511 0.89127604 0.02485795 0.05859375
0 0.79154830 0.60416667 0.02485795 0.05208333
2 0.32173295 0.47005208 0.02130682 0.05208333
0 0.55859375 0.24479167 0.02343750 0.04166667
0 0.92542614 0.38020833 0.01562500 0.03906250
0 0.75532670 0.23958333 0.01775568 0.03385417
0 0.91690341 0.40820312 0.01846591 0.03255208
0 0.72194602 0.27734375 0.01775568 0.02343750
