0 0.81392045 0.37109375 0.01562500 0.05208333
2 0.75213068 0.67122396 0.01562500 0.04557292
0 0.56711648 0.36197917 0.01491477 0.04687500
0 0.87251420 0.61979167 0.01917614 0.03385417
2 0.31285511 0.81510417 0.01633523 0.03906250
2 0.19105114 0.67643229 0.01562500 0.03515625
1 0.44815341 0.41341146 0.01136364 0.04296875
0 0.61647727 0.18294271 0.01278409 0.03255208
1 0.31356534 0.48632812 0.01065341 0.03255208
0 0.54545455 0.88867188 0.02556818 0.06640625
0 0.88423295 0.78450521 0.02130682 0.04557292
1 0.48259943 0.93880208 0.01633523 0.05208333
0 0.88174716 0.38867188 0.01491477 0.02994792
