0 0.37535511 0.92838542 0.04616477 0.08854167
2 0.63920455 0.79427083 0.02982955 0.08593750
2 0.95916193 0.80989583 0.02627841 0.07031250
2 0.90482955 0.73697917 0.02414773 0.07812500
0 0.09126420 0.61197917 0.02627841 0.05468750
0 0.12819602 0.54166667 0.02627841 0.04166667
0 0.52485795 0.41536458 0.01846591 0.05208333
0 0.50568182 0.37955729 0.01704545 0.04817708
0 0.47407670 0.39062500 0.01633523 0.04687500
0 0.43892045 0.24283854 0.01278409 0.02994792
0 0.52805398 0.38541667 0.01491477 0.02343750
0 0.08842330 0.38802083 0.01207386 0.02083333
1 0.91264205 0.95247396 0.03835227 0.09244792
2 0.86044034 0.89388021 0.04048295 0.07421875
0 0.11328125 0.83333333 0.03622159 0.07031250
2 0.36292614 0.53971354 0.02414773 0.06640625
0 0.49112216 0.40820312 0.01775568 0.06380208
2 0.93252841 0.64908854 0.01988636 0.04817708
1 0.49644886 0.35416667 0.01136364 0.05989583
0 0.27947443 0.28906250 0.01633523 0.01822917
