0 0.33345170 0.87565104 0.03053977 0.06640625
2 0.64453125 0.66276042 0.01491477 0.05468750
0 0.20596591 0.92187500 0.02840909 0.07031250
2 0.42258523 0.96289062 0.02698864 0.07161458
0 0.58522727 0.64778646 0.01988636 0.06380208
2 0.65802557 0.68880208 0.01491477 0.05208333
2 0.62748580 0.69596354 0.01491477 0.05859375
0 0.38636364 0.53971354 0.01420455 0.04557292
0 0.79048295 0.50911458 0.01278409 0.04687500
1 0.67294034 0.63997396 0.01349432 0.07682292
0 0.69886364 0.61848958 0.01420455 0.04427083
1 0.35617898 0.54622396 0.01065341 0.06119792
0 0.21235795 0.63802083 0.01988636 0.03906250
0 0.33096591 0.53059896 0.01136364 0.03515625
0 0.61860795 0.65494792 0.01704545 0.05468750
0 0.49928977 0.44010417 0.00852273 0.02083333
0 0.59481534 0.56184896 0.02059659 0.02994792
