2 0.42649148 0.87825521 0.02343750 0.08463542
2 0.39772727 0.96354167 0.02556818 0.07031250
0 0.35973011 0.78320312 0.02627841 0.06640625
2 0.31250000 0.77669271 0.02130682 0.07421875
1 0.54474432 0.52278646 0.01420455 0.07161458
1 0.25639205 0.49934896 0.01278409 0.05859375
0 0.55859375 0.52213542 0.01349432 0.04687500
1 0.35937500 0.91536458 0.02556818 0.11458333
1 0.46590909 0.88932292 0.01988636 0.09635417
2 0.38920455 0.83268229 0.02272727 0.07942708
1 0.71590909 0.73502604 0.01704545 0.09505208
0 0.12642045 0.64127604 0.01704545 0.05598958
1 0.64843750 0.53776042 0.01278409 0.06510417
2 0.31036932 0.75976562 0.01704545 0.03776042
0 0.97691761 0.65234375 0.01633523 0.03385417
