0 0.01207386 0.79557292 0.02414773 0.05468750
0 0.62428977 0.96354167 0.02272727 0.04687500
0 0.11860795 0.97656250 0.01988636 0.04427083
0 0.35617898 0.46614583 0.01491477 0.03645833
2 0.76171875 0.72005208 0.01349432 0.03125000
0 0.25390625 0.52799479 0.01491477 0.02734375
0 0.19850852 0.50976562 0.01349432 0.02994792
0 0.53018466 0.40234375 0.01207386 0.02343750
0 0.91299716 0.83007812 0.02059659 0.05078125
0 0.52237216 0.80403646 0.02059659 0.04036458
0 0.20916193 0.70117188 0.01775568 0.03776042
0 0.08167614 0.83072917 0.01988636 0.03385417
2 0.34694602 0.78320312 0.01633523 0.03255208
0 0.33309659 0.62239583 0.01562500 0.03125000
0 0.64311080 0.18489583 0.01207386 0.03125000
