0 0.71306818 0.88346354 0.04119318 0.07942708
1 0.17258523 0.92643229 0.02698864 0.07942708
1 0.58629261 0.64778646 0.02343750 0.05859375
0 0.92436080 0.61328125 0.02343750 0.05208333
2 0.42791193 0.97916667 0.03053977 0.03906250
0 0.49751420 0.51367188 0.01917614 0.04296875
0 0.73473011 0.61263021 0.01775568 0.03515625
0 0.18146307 0.87369792 0.03764205 0.06770833
0 0.22904830 0.67382812 0.02485795 0.04817708
1 0.11257102 0.67382812 0.01917614 0.06119792
2 0.34019886 0.71354167 0.02130682 0.05208333
2 0.30894886 0.53645833 0.01420455 0.03385417
