0 0.67578125 0.83919271 0.02201705 0.06119792
0 0.45205966 0.64518229 0.01775568 0.05338542
2 0.95987216 0.79492188 0.01633523 0.05078125
2 0.60546875 0.84830729 0.01775568 0.04296875
0 0.56924716 0.47265625 0.01491477 0.04166667
1 0.55575284 0.48046875 0.01207386 0.04947917
2 0.04936080 0.87760417 0.01633523 0.03385417
0 0.88636364 0.77799479 0.01704545 0.03255208
0 0.71839489 0.61718750 0.01491477 0.02604167
0 0.36470170 0.83984375 0.02201705 0.06510417
2 0.66619318 0.94921875 0.01988636 0.06250000
1 0.64666193 0.50716146 0.01349432 0.04296875
0 0.40909091 0.60416667 0.01704545 0.02864583
2 0.05859375 0.64388021 0.01207386 0.03776042
0 0.14772727 0.48177083 0.01136364 0.02343750
