2 0.94282670 0.87109375 0.02911932 0.08333333
1 0.46661932 0.61783854 0.01846591 0.06640625
1 0.14595170 0.65625000 0.01917614 0.06250000
2 0.35227273 0.44466146 0.01278409 0.02994792
0 0.15340909 0.76953125 0.02698864 0.06250000
0 0.68217330 0.62304688 0.02485795 0.06640625
1 0.60475852 0.43489583 0.01349432 0.04687500
0 0.18785511 0.56835938 0.01917614 0.04296875
0 0.41228693 0.45572917 0.01633523 0.03906250
1 0.20312500 0.72591146 0.02698864 0.10807292
0 0.72372159 0.44856771 0.01704545 0.04036458
0 0.94673295 0.96940104 0.02556818 0.05859375
0 0.91903409 0.46940104 0.01562500 0.03776042
0 0.75639205 0.69140625 0.02414773 0.08593750
0 0.51278409 0.36197917 0.01278409 0.02604167
0 0.90127841 0.69986979 0.01988636 0.04296875
