0 0.23082386 0.84114583 0.02130682 0.06250000
2 0.58771307 0.77929688 0.01349432 0.06119792
2 0.46093750 0.75716146 0.01562500 0.05598958
2 0.48615057 0.76627604 0.01349432 0.05598958
2 0.81569602 0.82812500 0.01775568 0.04166667
0 0.73153409 0.85091146 0.01704545 0.03515625
0 0.70063920 0.52604167 0.01207386 0.02864583
2 0.30504261 0.68424479 0.01065341 0.02734375
0 0.51491477 0.47005208 0.00994318 0.01822917
0 0.55078125 0.44466146 0.00923295 0.02213542
2 0.85937500 0.66080729 0.01136364 0.02213542
2 0.84623580 0.83138021 0.01633523 0.05598958
0 0.80291193 0.51171875 0.01065341 0.01562500
2 0.75923295 0.68554688 0.01136364 0.04557292
2 0.06356534 0.80794271 0.01633523 0.04296875
