0 0.72478693 0.73632812 0.02059659 0.06640625
0 0.09055398 0.84830729 0.02201705 0.06119792
1 0.79190341 0.58658854 0.01562500 0.07421875
2 0.79509943 0.69596354 0.01775568 0.06380208
2 0.68643466 0.97330729 0.02201705 0.05078125
2 0.80788352 0.72526042 0.01775568 0.06250000
0 0.63281250 0.45572917 0.02130682 0.04947917
0 0.77166193 0.62044271 0.01775568 0.05859375
0 0.26171875 0.76171875 0.02201705 0.04427083
0 0.10866477 0.60221354 0.01420455 0.03776042
0 0.30930398 0.50911458 0.01065341 0.04166667
0 0.47585227 0.45312500 0.01704545 0.02604167
0 0.74041193 0.45377604 0.01491477 0.01953125
0 0.41690341 0.73177083 0.02840909 0.08333333
0 0.63494318 0.94531250 0.02556818 0.08072917
0 0.23473011 0.90690104 0.02627841 0.06119792
2 0.60120739 0.97070312 0.02059659 0.05598958
0 0.43394886 0.48828125 0.01704545 0.03385417
0 0.84339489 0.45963542 0.01207386 0.04427083
0 0.15553977 0.58593750 0.01420455 0.03125000
0 0.28693182 0.50195312 0.01136364 0.03515625
2 0.86647727 0.38671875 0.00994318 0.03645833
0 0.28231534 0.47721354 0.01065341 0.02734375
0 0.87819602 0.32812500 0.00923295 0.02604167
0 0.87642045 0.35872396 0.00852273 0.02734375
