1 0.13636364 0.93294271 0.02556818 0.09244792
2 0.16761364 0.88476562 0.02272727 0.06901042
0 0.77947443 0.65429688 0.01917614 0.05078125
2 0.40021307 0.82421875 0.02059659 0.04166667
2 0.72159091 0.68229167 0.01704545 0.04687500
2 0.48792614 0.49739583 0.01278409 0.05729167
1 0.13778409 0.55794271 0.01136364 0.04557292
1 0.17613636 0.94466146 0.02272727 0.09244792
2 0.47549716 0.79882812 0.02059659 0.06901042
0 0.90340909 0.81445312 0.02272727 0.05338542
1 0.48721591 0.64518229 0.01278409 0.07682292
0 0.13529830 0.47656250 0.01491477 0.02604167
1 0.36328125 0.41666667 0.01065341 0.03645833
