1 0.58771307 0.76953125 0.02201705 0.08593750
2 0.35546875 0.92252604 0.02627841 0.07421875
2 0.46661932 0.71289062 0.01704545 0.06380208
0 0.52947443 0.78255208 0.02343750 0.06510417
0 0.25674716 0.86132812 0.02343750 0.04817708
2 0.60404830 0.63997396 0.01633523 0.06380208
2 0.38991477 0.43229167 0.01278409 0.03906250
1 0.14133523 0.90299479 0.02556818 0.08203125
0 0.17187500 0.54947917 0.01562500 0.04427083
0 0.14488636 0.51757812 0.01278409 0.02473958
0 0.51491477 0.50520833 0.01988636 0.05989583
0 0.29936080 0.62890625 0.02485795 0.07031250
0 0.57066761 0.37695312 0.01349432 0.01953125
2 0.98082386 0.58268229 0.01136364 0.03515625
0 0.16228693 0.88867188 0.02201705 0.05598958
