1 0.09303977 0.88932292 0.01988636 0.07031250
1 0.29971591 0.86002604 0.02130682 0.06640625
2 0.45348011 0.90234375 0.01917614 0.06250000
2 0.43643466 0.69205729 0.01349432 0.04557292
2 0.17649148 0.77278646 0.01491477 0.05338542
2 0.35333807 0.92317708 0.01491477 0.03906250
0 0.68572443 0.75455729 0.01633523 0.02994792
0 0.48117898 0.90690104 0.02059659 0.03776042
2 0.36754261 0.64322917 0.01065341 0.02604167
0 0.42009943 0.50065104 0.01065341 0.02213542
2 0.04545455 0.74218750 0.01136364 0.02343750
0 0.40802557 0.36914062 0.00781250 0.01692708
0 0.63529830 0.47265625 0.01065341 0.02343750
