1 0.82670455 0.77408854 0.02982955 0.11848958
1 0.34303977 0.83723958 0.02840909 0.10677083
1 0.73934659 0.63020833 0.02414773 0.10677083
2 0.74467330 0.77213542 0.02627841 0.08593750
2 0.67755682 0.87434896 0.02840909 0.09244792
2 0.69389205 0.71875000 0.02272727 0.08333333
1 0.86647727 0.66276042 0.02272727 0.10677083
1 0.86541193 0.45572917 0.01775568 0.09114583
2 0.82848011 0.45442708 0.01633523 0.05989583
2 0.71910511 0.86914062 0.02911932 0.09244792
1 0.85582386 0.34960938 0.01562500 0.07161458
2 0.79829545 0.91927083 0.03409091 0.08854167
1 0.79545455 0.83854167 0.02982955 0.11979167
1 0.52805398 0.36263021 0.01633523 0.05598958
2 0.32457386 0.45703125 0.01988636 0.06770833
0 0.78267045 0.45182292 0.02272727 0.04166667
0 0.65660511 0.79296875 0.02911932 0.08593750
2 0.55113636 0.10091146 0.00710227 0.02734375
2 0.28480114 0.36523438 0.01420455 0.04036458
1 0.21768466 0.57617188 0.01917614 0.06901042
2 0.30468750 0.38606771 0.01562500 0.03515625
0 0.22869318 0.94856771 0.03835227 0.10026042
1 0.59801136 0.11588542 0.00710227 0.03645833
2 0.92258523 0.29231771 0.01136364 0.04557292
