1 0.54261364 0.75585938 0.01562500 0.10546875
0 0.16228693 0.74804688 0.02343750 0.07682292
0 0.21129261 0.67773438 0.01917614 0.05338542
1 0.48295455 0.76627604 0.01704545 0.11848958
0 0.57776989 0.75846354 0.02343750 0.06901042
0 0.14240057 0.70507812 0.01917614 0.04817708
2 0.51029830 0.75130208 0.01633523 0.07291667
0 0.16938920 0.68945312 0.02059659 0.06119792
2 0.56747159 0.83919271 0.01846591 0.08203125
0 0.23792614 0.69856771 0.01846591 0.04036458
2 0.18146307 0.74934896 0.01917614 0.06640625
0 0.60440341 0.47395833 0.01278409 0.04427083
2 0.21875000 0.73632812 0.01846591 0.07421875
0 0.62464489 0.48697917 0.01349432 0.03645833
0 0.50213068 0.81445312 0.02130682 0.05859375
