2 0.46484375 0.83919271 0.02485795 0.08984375
2 0.68501420 0.74414062 0.02201705 0.05598958
1 0.63387784 0.66731771 0.02769886 0.09505208
0 0.86896307 0.71940104 0.02485795 0.04817708
1 0.46839489 0.54817708 0.01633523 0.06250000
2 0.90802557 0.80794271 0.01775568 0.04557292
2 0.49893466 0.55729167 0.01633523 0.03645833
0 0.20312500 0.51888021 0.01988636 0.04296875
2 0.91761364 0.71158854 0.01846591 0.06380208
1 0.68536932 0.63281250 0.01704545 0.05729167
0 0.83522727 0.55273438 0.01846591 0.03255208
