1 0.25923295 0.61393229 0.01846591 0.07421875
1 0.63458807 0.88151042 0.02343750 0.08072917
1 0.67294034 0.68619792 0.02059659 0.07552083
1 0.21093750 0.59960938 0.01846591 0.06901042
1 0.43821023 0.37825521 0.01278409 0.06380208
2 0.22585227 0.65234375 0.01988636 0.05468750
1 0.23508523 0.58333333 0.01988636 0.07291667
2 0.79119318 0.91341146 0.02556818 0.05859375
1 0.16938920 0.54557292 0.01775568 0.06510417
1 0.76811080 0.85286458 0.02485795 0.07812500
1 0.69886364 0.77473958 0.02130682 0.08593750
2 0.77521307 0.90104167 0.02201705 0.05729167
2 0.76633523 0.95768229 0.02556818 0.06640625
0 0.71377841 0.86783854 0.03125000 0.07942708
2 0.78338068 0.96744792 0.02982955 0.06250000
2 0.74431818 0.96614583 0.02698864 0.06510417
2 0.37855114 0.34570312 0.01136364 0.03776042
0 0.73934659 0.54882812 0.02130682 0.04036458
2 0.78835227 0.98828125 0.01562500 0.02083333
2 0.26171875 0.54687500 0.01207386 0.03385417
0 0.77769886 0.36979167 0.01562500 0.04427083
0 0.13742898 0.55468750 0.02059659 0.05729167
0 0.86292614 0.56250000 0.02130682 0.06250000
1 0.80788352 0.33658854 0.01207386 0.04817708
0 0.82741477 0.26106771 0.01278409 0.04817708
1 0.80397727 0.25520833 0.01278409 0.05468750
0 0.77663352 0.72395833 0.01917614 0.04166667
0 0.45205966 0.33658854 0.01633523 0.04817708
2 0.74573864 0.83398438 0.02698864 0.07421875
1 0.21022727 0.50846354 0.01562500 0.05078125
2 0.75745739 0.91080729 0.01917614 0.05598958
2 0.85014205 0.68359375 0.02130682 0.05989583
2 0.76598011 0.36914062 0.01207386 0.04036458
2 0.75461648 0.44270833 0.01491477 0.03385417
0 0.45987216 0.36263021 0.01349432 0.04557292
