1 0.28693182 0.78906250 0.01704545 0.08854167
2 0.45276989 0.82226562 0.01917614 0.07942708
2 0.40340909 0.76432292 0.01704545 0.06770833
2 0.51100852 0.87174479 0.01917614 0.07421875
0 0.55468750 0.93554688 0.02840909 0.08723958
1 0.60191761 0.50065104 0.01207386 0.05859375
0 0.44034091 0.78059896 0.02272727 0.07421875
0 0.67755682 0.86979167 0.03977273 0.09895833
0 0.29438920 0.62109375 0.01775568 0.07031250
0 0.83167614 0.64973958 0.01420455 0.04947917
0 0.38529830 0.77734375 0.02343750 0.07812500
0 0.63139205 0.54361979 0.01278409 0.02473958
0 0.27308239 0.61718750 0.01633523 0.05468750
0 0.94566761 0.73242188 0.01917614 0.05859375
0 0.25248580 0.60026042 0.01633523 0.05729167
0 0.22194602 0.54557292 0.01349432 0.05468750
2 0.85085227 0.67447917 0.00994318 0.04427083
0 0.43963068 0.43750000 0.00994318 0.03125000
0 0.64417614 0.53645833 0.01278409 0.03645833
0 0.45774148 0.97786458 0.02059659 0.04166667
2 0.24893466 0.71875000 0.01349432 0.03125000
0 0.33913352 0.65950521 0.01775568 0.03255208
0 0.36257102 0.55729167 0.01633523 0.03125000
0 0.81818182 0.66210938 0.01562500 0.04557292
0 0.59055398 0.52734375 0.01207386 0.02864583
1 0.88565341 0.69335938 0.01136364 0.04817708
0 0.59161932 0.50130208 0.01136364 0.02604167
0 0.57599432 0.51757812 0.01420455 0.04817708
2 0.61434659 0.53450521 0.01136364 0.04817708
0 0.38387784 0.92773438 0.01775568 0.05859375
