2 0.85653409 0.85677083 0.03267045 0.13281250
0 0.42684659 0.73502604 0.03835227 0.10546875
1 0.64346591 0.60677083 0.02130682 0.07291667
2 0.70028409 0.75520833 0.02840909 0.05208333
0 0.57066761 0.53320312 0.02627841 0.04036458
0 0.37855114 0.54557292 0.01704545 0.04427083
0 0.91548295 0.28971354 0.01846591 0.03255208
2 0.19460227 0.57747396 0.01420455 0.04296875
0 0.27627841 0.55338542 0.01704545 0.02604167
0 0.22620739 0.86002604 0.02911932 0.06901042
1 0.60866477 0.59114583 0.01846591 0.09895833
2 0.53941761 0.44986979 0.01775568 0.06380208
