2 0.50497159 0.82552083 0.02130682 0.04687500
1 0.81250000 0.53190104 0.01278409 0.04557292
2 0.51065341 0.34440104 0.01420455 0.04817708
0 0.65021307 0.58919271 0.01917614 0.06119792
0 0.89879261 0.85807292 0.02911932 0.06770833
0 0.30397727 0.86067708 0.03267045 0.08072917
0 0.24289773 0.75651042 0.02840909 0.07552083
1 0.09943182 0.68880208 0.02272727 0.07812500
0 0.61789773 0.39453125 0.01704545 0.04427083
1 0.67471591 0.89257812 0.02130682 0.05859375
0 0.75923295 0.37500000 0.01562500 0.04427083
0 0.37642045 0.32486979 0.01562500 0.03255208
0 0.48579545 0.57161458 0.02414773 0.07291667
0 0.25461648 0.51236979 0.02201705 0.05859375
