0 0.60156250 0.73958333 0.03693182 0.09635417
0 0.16477273 0.57031250 0.01988636 0.05989583
0 0.09730114 0.54687500 0.01846591 0.05468750
0 0.64062500 0.82942708 0.04119318 0.11197917
0 0.76278409 0.55208333 0.02272727 0.07031250
0 0.40234375 0.94140625 0.04474432 0.11197917
0 0.12535511 0.52343750 0.01917614 0.05729167
0 0.49360795 0.40299479 0.01562500 0.03255208
0 0.84090909 0.47916667 0.01420455 0.05208333
1 0.70809659 0.59960938 0.02272727 0.11848958
1 0.36363636 0.83268229 0.02982955 0.11588542
1 0.86115057 0.45833333 0.01491477 0.07552083
2 0.67649148 0.66210938 0.02627841 0.08203125
2 0.53515625 0.92513021 0.03053977 0.10546875
2 0.72940341 0.43294271 0.01704545 0.06119792
