2 0.35830966 0.70117188 0.01633523 0.06640625
0 0.45774148 0.75065104 0.02485795 0.08203125
0 0.42649148 0.71419271 0.02201705 0.07421875
0 0.38281250 0.76106771 0.02556818 0.05859375
0 0.04296875 0.97005208 0.02769886 0.05468750
0 0.27024148 0.59960938 0.01633523 0.03255208
0 0.07315341 0.62825521 0.01846591 0.05078125
0 0.63742898 0.47786458 0.01349432 0.02864583
0 0.67684659 0.66992188 0.01988636 0.04036458
1 0.91193182 0.77994792 0.01704545 0.09114583
0 0.81250000 0.86458333 0.02840909 0.07552083
0 0.64879261 0.51953125 0.01491477 0.01822917
0 0.79545455 0.47460938 0.01278409 0.02994792
