0 0.39488636 0.61002604 0.04403409 0.11328125
2 0.64169034 0.91406250 0.05184659 0.07291667
1 0.50426136 0.64973958 0.02272727 0.14062500
0 0.43430398 0.73502604 0.04048295 0.07682292
2 0.74254261 0.75390625 0.02627841 0.09375000
0 0.18465909 0.61393229 0.02698864 0.08203125
1 0.13849432 0.56966146 0.01704545 0.11328125
2 0.79438920 0.66927083 0.03622159 0.04947917
2 0.52627841 0.92578125 0.03125000 0.05468750
0 0.76349432 0.74283854 0.02414773 0.06901042
2 0.84161932 0.55208333 0.01988636 0.06770833
2 0.57102273 0.97526042 0.02272727 0.04687500
0 0.66122159 0.29882812 0.01846591 0.05338542
0 0.89098011 0.47265625 0.02201705 0.04166667
2 0.89559659 0.42903646 0.01704545 0.05078125
2 0.91370739 0.41601562 0.01491477 0.05338542
2 0.05220170 0.50000000 0.01349432 0.05989583
0 0.50319602 0.34700521 0.01633523 0.04557292
0 0.76669034 0.72460938 0.02911932 0.10286458
2 0.69424716 0.83984375 0.02769886 0.09375000
2 0.12251420 0.61002604 0.02343750 0.07942708
0 0.59375000 0.97005208 0.02982955 0.05729167
2 0.10582386 0.60677083 0.02130682 0.07812500
0 0.17080966 0.55468750 0.02485795 0.06770833
2 0.15305398 0.60221354 0.02201705 0.07421875
0 0.21271307 0.43554688 0.02343750 0.06640625
1 0.18856534 0.53190104 0.01633523 0.08463542
1 0.08700284 0.59179688 0.01775568 0.07682292
2 0.06250000 0.64062500 0.02130682 0.05468750
1 0.79261364 0.41992188 0.01420455 0.07942708
0 0.89737216 0.79296875 0.01633523 0.05989583
1 0.77627841 0.55338542 0.01420455 0.04427083
0 0.47088068 0.29492188 0.01846591 0.03255208
0 0.52095170 0.13867188 0.01349432 0.03515625
2 0.49325284 0.26757812 0.01207386 0.03515625
