0 0.51136364 0.81445312 0.02698864 0.07682292
2 0.47833807 0.89062500 0.02343750 0.08854167
2 0.53125000 0.83463542 0.02130682 0.08072917
2 0.61008523 0.87955729 0.02130682 0.07942708
2 0.56143466 0.96419271 0.02059659 0.06901042
1 0.64808239 0.62825521 0.01491477 0.08203125
0 0.22123580 0.64713542 0.02059659 0.05989583
2 0.59375000 0.97265625 0.02272727 0.05208333
1 0.13813920 0.54752604 0.01349432 0.08463542
2 0.63636364 0.66992188 0.01704545 0.06640625
1 0.24431818 0.60416667 0.01562500 0.05989583
2 0.53444602 0.77929688 0.01917614 0.04296875
1 0.47833807 0.46614583 0.01207386 0.05468750
2 0.15625000 0.54817708 0.01136364 0.04947917
0 0.46377841 0.47070312 0.01420455 0.03776042
2 0.71093750 0.52929688 0.01136364 0.04817708
2 0.50603693 0.98958333 0.02059659 0.01822917
1 0.44957386 0.85156250 0.02130682 0.07552083
1 0.17613636 0.64843750 0.01704545 0.08854167
1 0.37748580 0.96614583 0.02201705 0.06510417
1 0.18039773 0.58593750 0.01704545 0.08072917
0 0.20703125 0.67513021 0.02059659 0.06119792
2 0.53764205 0.97786458 0.01988636 0.04166667
1 0.44566761 0.48893229 0.01065341 0.05338542
1 0.69176136 0.54947917 0.01278409 0.04427083
2 0.59588068 0.68684896 0.01704545 0.03255208
0 0.43785511 0.49023438 0.01065341 0.04036458
