0 0.87784091 0.95442708 0.03693182 0.08854167
2 0.85440341 0.92643229 0.03267045 0.10026042
0 0.75887784 0.95507812 0.03622159 0.08723958
0 0.70845170 0.81054688 0.02911932 0.09765625
2 0.65482955 0.93750000 0.02556818 0.10677083
2 0.80717330 0.83854167 0.02627841 0.09635417
2 0.67471591 0.87434896 0.02414773 0.10546875
0 0.72904830 0.52018229 0.02485795 0.06380208
2 0.88636364 0.88997396 0.02272727 0.05078125
2 0.86967330 0.84244792 0.02343750 0.05208333
2 0.81143466 0.97916667 0.02627841 0.03906250
2 0.89382102 0.82291667 0.02201705 0.03906250
2 0.89026989 0.85286458 0.02201705 0.03906250
0 0.57990057 0.40690104 0.01775568 0.02994792
2 0.85724432 0.46679688 0.01136364 0.04557292
0 0.83487216 0.83007812 0.03196023 0.09505208
1 0.73544034 0.79817708 0.02343750 0.11458333
1 0.75248580 0.75911458 0.02059659 0.10937500
0 0.40838068 0.64192708 0.03267045 0.05729167
0 0.86647727 0.43033854 0.01278409 0.03776042
0 0.25887784 0.42187500 0.01207386 0.03906250
