0 0.35369318 0.89973958 0.03409091 0.09895833
2 0.44673295 0.86393229 0.02556818 0.11067708
2 0.40447443 0.87174479 0.02627841 0.10286458
0 0.84161932 0.71354167 0.02556818 0.06250000
0 0.26562500 0.80013021 0.02982955 0.04817708
0 0.87393466 0.90494792 0.02627841 0.04947917
0 0.51633523 0.60546875 0.02698864 0.04427083
0 0.47443182 0.54036458 0.02414773 0.04427083
0 0.90234375 0.53710938 0.01491477 0.03255208
0 0.17151989 0.96679688 0.03480114 0.06380208
2 0.43323864 0.72591146 0.02130682 0.06640625
0 0.76846591 0.70703125 0.02698864 0.04687500
0 0.11399148 0.55533854 0.02201705 0.04296875
