2 0.92009943 0.73177083 0.02201705 0.06510417
2 0.33167614 0.81510417 0.01846591 0.06770833
1 0.13600852 0.85091146 0.02059659 0.05859375
0 0.60724432 0.55664062 0.01846591 0.05338542
2 0.53231534 0.84635417 0.02059659 0.03645833
0 0.46271307 0.59309896 0.01633523 0.02994792
2 0.18217330 0.72135417 0.01491477 0.02864583
2 0.85404830 0.75455729 0.01349432 0.02994792
2 0.52379261 0.55729167 0.01633523 0.05208333
1 0.13600852 0.69986979 0.01349432 0.05338542
1 0.28586648 0.61458333 0.01349432 0.04687500
1 0.38352273 0.49153646 0.00994318 0.05598958
