0 0.27272727 0.86979167 0.02414773 0.07031250
0 0.89666193 0.69466146 0.02201705 0.06901042
0 0.24928977 0.72786458 0.01988636 0.05989583
0 0.21058239 0.77213542 0.01917614 0.05468750
0 0.85511364 0.63346354 0.01988636 0.04296875
2 0.64808239 0.62304688 0.01349432 0.05338542
1 0.72975852 0.55273438 0.01207386 0.05338542
0 0.10830966 0.50976562 0.01065341 0.03515625
2 0.34268466 0.47526042 0.01065341 0.02343750
1 0.25923295 0.82291667 0.01704545 0.11197917
2 0.33132102 0.88020833 0.02201705 0.07552083
1 0.65731534 0.64713542 0.01349432 0.07552083
0 0.36541193 0.48437500 0.01633523 0.04947917
2 0.19815341 0.75390625 0.01562500 0.04947917
2 0.63352273 0.62825521 0.01278409 0.05338542
2 0.70383523 0.57356771 0.01278409 0.05078125
0 0.61470170 0.63736979 0.01633523 0.04036458
2 0.69211648 0.58007812 0.01207386 0.04817708
0 0.61079545 0.45898438 0.01420455 0.02734375
0 0.31711648 0.48502604 0.01491477 0.02213542
