0 0.39701705 0.88736979 0.04403409 0.08723958
0 0.60369318 0.64062500 0.03267045 0.06510417
2 0.97336648 0.73763021 0.02485795 0.06119792
0 0.03977273 0.87695312 0.04545455 0.11588542
1 0.44424716 0.57226562 0.02059659 0.10807292
1 0.63103693 0.67252604 0.02769886 0.11848958
2 0.87926136 0.46028646 0.00994318 0.02213542
1 0.45667614 0.89062500 0.03409091 0.17187500
2 0.81250000 0.80273438 0.03409091 0.06640625
0 0.23295455 0.67382812 0.02840909 0.08463542
0 0.47052557 0.55143229 0.02201705 0.09765625
2 0.11008523 0.56184896 0.01420455 0.04036458
