2 0.45809659 0.94596354 0.01846591 0.06640625
1 0.23615057 0.65885417 0.01349432 0.05468750
2 0.56214489 0.80013021 0.01491477 0.05859375
2 0.51953125 0.94075521 0.01775568 0.05859375
2 0.57457386 0.76627604 0.01420455 0.05598958
2 0.62144886 0.81184896 0.01562500 0.05859375
2 0.54900568 0.91927083 0.01704545 0.06510417
2 0.49786932 0.72786458 0.01278409 0.05208333
2 0.51207386 0.98307292 0.01420455 0.03125000
0 0.59232955 0.82812500 0.02130682 0.07031250
0 0.53799716 0.81184896 0.01775568 0.05598958
0 0.48615057 0.91927083 0.02201705 0.06250000
0 0.51207386 0.86067708 0.01988636 0.05729167
0 0.60227273 0.78710938 0.01846591 0.05859375
0 0.48401989 0.98307292 0.02201705 0.03125000
2 0.63778409 0.70963542 0.01136364 0.03906250
1 0.25426136 0.62890625 0.01136364 0.05729167
2 0.43039773 0.49218750 0.00852273 0.02864583
0 0.25497159 0.68359375 0.01420455 0.04166667
1 0.47975852 0.83398438 0.00923295 0.02734375
2 0.57776989 0.64648438 0.01207386 0.02994792
