1 0.91938920 0.92447917 0.01491477 0.08333333
2 0.11754261 0.91927083 0.01775568 0.02864583
0 0.28870739 0.63802083 0.01207386 0.03906250
2 0.53799716 0.84244792 0.01349432 0.02864583
2 0.59872159 0.73372396 0.01278409 0.02994792
0 0.14204545 0.71289062 0.01278409 0.02734375
0 0.23473011 0.95182292 0.02201705 0.06250000
0 0.46129261 0.97005208 0.01917614 0.04427083
1 0.19957386 0.84049479 0.01562500 0.05338542
2 0.76704545 0.91080729 0.01704545 0.04036458
2 0.81178977 0.93033854 0.01704545 0.04036458
0 0.32279830 0.81705729 0.01775568 0.03515625
2 0.72762784 0.65429688 0.01065341 0.03515625
2 0.64737216 0.70247396 0.01207386 0.02473958
0 0.11541193 0.71158854 0.01207386 0.02213542
0 0.27201705 0.59505208 0.01278409 0.01822917
0 0.26100852 0.60481771 0.01065341 0.01692708
