0 0.60369318 0.58984375 0.02982955 0.08854167
1 0.30575284 0.60546875 0.03906250 0.12500000
2 0.85191761 0.77083333 0.02911932 0.10156250
1 0.63813920 0.76627604 0.02343750 0.13151042
0 0.33274148 0.72526042 0.02769886 0.04427083
0 0.47869318 0.56705729 0.02414773 0.05338542
2 0.73259943 0.43750000 0.01065341 0.02343750
1 0.64630682 0.40820312 0.00994318 0.03776042
1 0.10085227 0.69986979 0.03977273 0.10286458
2 0.27059659 0.40039062 0.00852273 0.01953125
1 0.54048295 0.39127604 0.01136364 0.03515625
