0 0.05468750 0.84375000 0.02556818 0.05208333
0 0.71803977 0.62500000 0.01704545 0.05989583
0 0.46271307 0.79817708 0.02201705 0.03125000
0 0.34197443 0.66145833 0.01917614 0.03125000
0 0.33274148 0.48632812 0.01491477 0.02473958
0 0.27663352 0.93880208 0.02769886 0.05989583
0 0.54865057 0.86588542 0.02627841 0.05468750
0 0.98188920 0.66210938 0.01917614 0.06119792
0 0.13210227 0.78320312 0.02414773 0.04817708
1 0.44744318 0.56250000 0.01420455 0.07291667
0 0.55823864 0.54687500 0.01704545 0.05468750
2 0.88245739 0.76432292 0.01633523 0.03906250
2 0.68572443 0.54166667 0.01065341 0.03125000
