1 0.70383523 0.90690104 0.02982955 0.17578125
1 0.86079545 0.63151042 0.05539773 0.09375000
1 0.59481534 0.52148438 0.05326705 0.08723958
1 0.77769886 0.87630208 0.02698864 0.13281250
2 0.80788352 0.93750000 0.02769886 0.10677083
2 0.26669034 0.72591146 0.02485795 0.08984375
1 0.82208807 0.70768229 0.01775568 0.09244792
0 0.75745739 0.66861979 0.01775568 0.06901042
0 0.77024148 0.96223958 0.03196023 0.07291667
0 0.23082386 0.78385417 0.03267045 0.07291667
2 0.42897727 0.78841146 0.02272727 0.10286458
0 0.80362216 0.65950521 0.01775568 0.06640625
2 0.04687500 0.78385417 0.01420455 0.03906250
