2 0.49573864 0.88476562 0.01988636 0.04557292
2 0.44886364 0.85481771 0.01846591 0.07421875
2 0.68004261 0.89127604 0.01349432 0.04296875
2 0.66051136 0.89583333 0.01846591 0.03385417
0 0.33309659 0.87044271 0.02130682 0.04557292
0 0.24254261 0.71028646 0.01633523 0.02994792
0 0.68998580 0.55533854 0.01349432 0.02734375
2 0.80397727 0.87109375 0.02130682 0.02343750
0 0.12286932 0.84375000 0.02414773 0.06770833
0 0.52343750 0.51692708 0.01136364 0.01822917
0 0.35653409 0.88541667 0.02556818 0.06250000
2 0.71093750 0.60807292 0.01136364 0.02083333
0 0.96732955 0.61653646 0.01278409 0.03776042
