1 0.68927557 0.69466146 0.01917614 0.08984375
0 0.21946023 0.72265625 0.02414773 0.05989583
1 0.55007102 0.67968750 0.01633523 0.05208333
0 0.14808239 0.55664062 0.01633523 0.04296875
0 0.90873580 0.58007812 0.01775568 0.03515625
0 0.38174716 0.64713542 0.02485795 0.05729167
2 0.65767045 0.68880208 0.01846591 0.07291667
2 0.98117898 0.96419271 0.02343750 0.05598958
0 0.17151989 0.56445312 0.01491477 0.03515625
0 0.35262784 0.45833333 0.01349432 0.02864583
2 0.52166193 0.35872396 0.00923295 0.02213542
