0 0.61718750 0.79882812 0.02130682 0.06119792
0 0.41903409 0.80989583 0.01988636 0.04166667
0 0.34161932 0.82096354 0.01988636 0.04817708
0 0.48934659 0.67447917 0.01420455 0.02604167
0 0.70703125 0.78255208 0.01775568 0.03385417
0 0.62784091 0.95833333 0.02130682 0.04166667
0 0.13494318 0.59114583 0.01278409 0.03906250
0 0.77556818 0.58789062 0.01136364 0.02994792
0 0.10937500 0.61653646 0.01278409 0.04557292
0 0.27343750 0.51106771 0.00994318 0.03255208
0 0.79723011 0.56966146 0.01065341 0.03255208
0 0.81924716 0.65104167 0.01065341 0.03125000
0 0.25816761 0.45247396 0.01065341 0.01953125
0 0.65269886 0.51953125 0.01278409 0.03645833
1 0.73508523 0.71354167 0.01420455 0.06770833
2 0.78586648 0.80598958 0.01491477 0.04947917
2 0.31853693 0.98632812 0.01633523 0.02734375
2 0.76811080 0.82031250 0.01633523 0.05208333
2 0.74893466 0.80013021 0.01633523 0.04817708
