1 0.67649148 0.80273438 0.01917614 0.09505208
1 0.71626420 0.73046875 0.01633523 0.07031250
2 0.81178977 0.81380208 0.01704545 0.03645833
2 0.69211648 0.78190104 0.01775568 0.07161458
0 0.70703125 0.80403646 0.02343750 0.07421875
0 0.65909091 0.80533854 0.02414773 0.06901042
2 0.76775568 0.78125000 0.01704545 0.05468750
0 0.64595170 0.61328125 0.02059659 0.05729167
0 0.65376420 0.76041667 0.02201705 0.03645833
2 0.73899148 0.97591146 0.03622159 0.04557292
0 0.68039773 0.74218750 0.02130682 0.05729167
0 0.87997159 0.58268229 0.01562500 0.04817708
1 0.74218750 0.73828125 0.01562500 0.07291667
0 0.77272727 0.65559896 0.02130682 0.06119792
