0 0.62784091 0.87304688 0.02698864 0.08463542
0 0.34410511 0.61067708 0.02343750 0.06770833
0 0.81711648 0.84505208 0.01917614 0.06250000
2 0.66122159 0.94921875 0.02272727 0.09114583
2 0.79119318 0.83854167 0.01704545 0.05468750
1 0.85156250 0.60677083 0.01278409 0.06250000
0 0.26953125 0.74934896 0.02343750 0.03776042
0 0.80326705 0.57617188 0.01420455 0.05078125
2 0.77379261 0.60221354 0.01207386 0.04036458
2 0.52095170 0.87890625 0.01917614 0.04427083
1 0.33451705 0.69205729 0.01278409 0.07161458
1 0.83132102 0.60221354 0.01207386 0.06380208
0 0.75781250 0.77473958 0.01136364 0.04687500
2 0.78267045 0.57291667 0.00994318 0.04427083
0 0.16157670 0.54687500 0.01775568 0.04166667
1 0.45738636 0.55989583 0.01136364 0.04687500
