1 0.59197443 0.55729167 0.02201705 0.12239583
1 0.62038352 0.48177083 0.01917614 0.10416667
2 0.72194602 0.54947917 0.02059659 0.08072917
0 0.33842330 0.54296875 0.02911932 0.05468750
2 0.73259943 0.56705729 0.01775568 0.06901042
2 0.58096591 0.93424479 0.01704545 0.05598958
2 0.76313920 0.86067708 0.01917614 0.04427083
2 0.63032670 0.86393229 0.01775568 0.03255208
0 0.27059659 0.52408854 0.01278409 0.02734375
0 0.37819602 0.78320312 0.02201705 0.06901042
0 0.56214489 0.41796875 0.02485795 0.03125000
0 0.47975852 0.46614583 0.01917614 0.03645833
