1 0.56498580 0.56445312 0.01633523 0.08203125
1 0.61825284 0.69791667 0.02059659 0.10677083
2 0.22798295 0.92187500 0.02982955 0.09635417
2 0.58984375 0.55338542 0.01491477 0.06250000
1 0.17720170 0.72591146 0.01775568 0.06119792
1 0.31214489 0.87825521 0.02059659 0.08463542
1 0.29190341 0.96223958 0.02414773 0.07291667
1 0.17329545 0.55143229 0.01562500 0.06901042
2 0.59836648 0.73502604 0.01917614 0.07942708
0 0.33842330 0.92057292 0.03338068 0.09114583
2 0.28409091 0.87565104 0.02698864 0.08984375
0 0.56534091 0.64583333 0.02130682 0.04947917
1 0.63849432 0.49674479 0.01136364 0.05598958
2 0.32244318 0.95312500 0.02982955 0.09114583
0 0.26811080 0.92122396 0.03196023 0.10026042
0 0.54936080 0.58138021 0.01633523 0.04036458
1 0.25071023 0.95572917 0.02556818 0.08593750
2 0.20880682 0.96614583 0.02698864 0.06510417
1 0.65909091 0.48502604 0.01420455 0.07161458
1 0.68856534 0.41015625 0.01065341 0.05208333
2 0.64382102 0.64453125 0.01349432 0.04687500
2 0.63884943 0.60286458 0.01349432 0.02083333
