1 0.81782670 0.76432292 0.03622159 0.12239583
2 0.24751420 0.91666667 0.02911932 0.08072917
2 0.67400568 0.78320312 0.02556818 0.08463542
1 0.62322443 0.79036458 0.02343750 0.08593750
0 0.76598011 0.69726562 0.02769886 0.07161458
2 0.79936080 0.70052083 0.02343750 0.07291667
2 0.63352273 0.61393229 0.01988636 0.07421875
2 0.74183239 0.65039062 0.01917614 0.07421875
1 0.17436080 0.50976562 0.01633523 0.08203125
0 0.66264205 0.98242188 0.03409091 0.03255208
0 0.12144886 0.53385417 0.01988636 0.05468750
0 0.18785511 0.50000000 0.01917614 0.05468750
1 0.26491477 0.28320312 0.01278409 0.06380208
0 0.43714489 0.32617188 0.01491477 0.04296875
2 0.12251420 0.40364583 0.01349432 0.04687500
2 0.16299716 0.32617188 0.01065341 0.03515625
0 0.72940341 0.95182292 0.03551136 0.08333333
2 0.76775568 0.83789062 0.02982955 0.08203125
1 0.72336648 0.68880208 0.02201705 0.10416667
2 0.18785511 0.65364583 0.02201705 0.06770833
0 0.14950284 0.60481771 0.02343750 0.05859375
1 0.80362216 0.49479167 0.01633523 0.08072917
1 0.23011364 0.50520833 0.01562500 0.07031250
2 0.21768466 0.63216146 0.01775568 0.06119792
1 0.49644886 0.36393229 0.01278409 0.08203125
0 0.48188920 0.41536458 0.01775568 0.05208333
2 0.77343750 0.56315104 0.01846591 0.04817708
0 0.50674716 0.39973958 0.01775568 0.04947917
2 0.10866477 0.42447917 0.01420455 0.05729167
0 0.48011364 0.36458333 0.01562500 0.04947917
0 0.08842330 0.42187500 0.01491477 0.04166667
0 0.26207386 0.57291667 0.02130682 0.02864583
2 0.46484375 0.35937500 0.01207386 0.04947917
0 0.62748580 0.99023438 0.03196023 0.01692708
2 0.83842330 0.39322917 0.01207386 0.03906250
0 0.27556818 0.29882812 0.01278409 0.03255208
1 0.23188920 0.29752604 0.01065341 0.03776042
2 0.95312500 0.36002604 0.01136364 0.03255208
