2 0.09197443 0.89843750 0.02769886 0.08333333
1 0.12109375 0.95312500 0.02059659 0.08072917
1 0.75923295 0.77018229 0.01704545 0.06380208
2 0.70632102 0.73437500 0.01917614 0.04427083
2 0.46129261 0.61458333 0.00923295 0.03125000
1 0.74218750 0.67773438 0.01420455 0.05338542
2 0.14950284 0.73437500 0.01491477 0.03385417
2 0.49183239 0.59700521 0.00781250 0.02994792
1 0.25142045 0.65169271 0.01420455 0.06901042
0 0.50035511 0.62239583 0.01349432 0.03125000
0 0.51917614 0.62044271 0.01136364 0.02994792
2 0.74254261 0.54036458 0.00923295 0.01822917
2 0.54865057 0.56835938 0.00923295 0.03515625
2 0.53373580 0.59960938 0.00781250 0.02994792
2 0.51029830 0.61914062 0.00923295 0.02994792
0 0.77947443 0.67187500 0.03196023 0.06510417
2 0.84872159 0.55794271 0.00994318 0.03255208
