1 0.31143466 0.72981771 0.02059659 0.09244792
1 0.80184659 0.91536458 0.02556818 0.05989583
1 0.76740057 0.66536458 0.02343750 0.05468750
2 0.56250000 0.67122396 0.01562500 0.02994792
0 0.35085227 0.70898438 0.02272727 0.03515625
0 0.56321023 0.61197917 0.01846591 0.05989583
0 0.20205966 0.73893229 0.02059659 0.03776042
0 0.69353693 0.55794271 0.01491477 0.02473958
0 0.86115057 0.80598958 0.02343750 0.06770833
0 0.35511364 0.42643229 0.01278409 0.02473958
0 0.30859375 0.43424479 0.01349432 0.01953125
0 0.29083807 0.55403646 0.01633523 0.03255208
0 0.63955966 0.43619792 0.01491477 0.02343750
0 0.32919034 0.36523438 0.01207386 0.02734375
