1 0.63210227 0.81835938 0.02982955 0.13671875
1 0.54651989 0.74218750 0.02911932 0.10416667
1 0.68465909 0.80924479 0.03551136 0.16796875
1 0.66051136 0.94921875 0.02840909 0.09895833
1 0.83735795 0.56770833 0.01562500 0.06770833
2 0.57386364 0.90690104 0.02840909 0.10026042
2 0.62500000 0.68294271 0.02130682 0.05338542
1 0.39346591 0.64453125 0.01704545 0.06770833
1 0.81285511 0.56054688 0.02059659 0.06640625
2 0.63210227 0.92057292 0.02840909 0.10156250
2 0.12606534 0.54947917 0.01349432 0.05208333
1 0.73970170 0.75585938 0.02201705 0.09505208
2 0.66051136 0.89388021 0.02840909 0.10286458
1 0.85049716 0.58789062 0.01491477 0.05859375
2 0.60937500 0.95898438 0.02840909 0.07942708
0 0.71306818 0.89908854 0.03267045 0.09244792
0 0.60404830 0.87500000 0.03196023 0.08854167
0 0.73046875 0.95833333 0.03480114 0.08072917
0 0.82031250 0.61328125 0.01846591 0.04947917
2 0.80504261 0.61523438 0.01349432 0.04296875
0 0.70099432 0.97526042 0.03409091 0.04687500
