0 0.43394886 0.50716146 0.01846591 0.05338542
0 0.85617898 0.59960938 0.01917614 0.05078125
0 0.63849432 0.59505208 0.02272727 0.03385417
0 0.23863636 0.55533854 0.01846591 0.02734375
2 0.91157670 0.89388021 0.02911932 0.08984375
1 0.44140625 0.89843750 0.02343750 0.10416667
0 0.59907670 0.78710938 0.03053977 0.07421875
0 0.69247159 0.83333333 0.03125000 0.06250000
2 0.32350852 0.87434896 0.02485795 0.07682292
0 0.15021307 0.76236979 0.02627841 0.06901042
0 0.17436080 0.88476562 0.02911932 0.06119792
2 0.85830966 0.64778646 0.01917614 0.07161458
1 0.82031250 0.54687500 0.01704545 0.07812500
2 0.80255682 0.63541667 0.01846591 0.05989583
1 0.87180398 0.47395833 0.01491477 0.07031250
0 0.85546875 0.54622396 0.01775568 0.05598958
1 0.86044034 0.43750000 0.01349432 0.07031250
0 0.58132102 0.49348958 0.02201705 0.03906250
2 0.83629261 0.53255208 0.01633523 0.04687500
0 0.80007102 0.54557292 0.01917614 0.02864583
