2 0.53053977 0.91731771 0.02982955 0.12109375
1 0.47265625 0.79231771 0.01917614 0.07161458
2 0.62180398 0.95703125 0.02201705 0.05208333
1 0.46129261 0.70572917 0.01917614 0.09375000
2 0.77947443 0.83333333 0.01775568 0.04687500
1 0.38245739 0.71614583 0.01633523 0.05729167
2 0.63707386 0.65820312 0.01988636 0.04817708
1 0.40482955 0.56835938 0.01846591 0.07161458
0 0.60298295 0.87109375 0.03125000 0.08854167
1 0.67613636 0.66666667 0.02414773 0.08593750
2 0.71342330 0.56315104 0.01633523 0.05598958
