1 0.66903409 0.88802083 0.02130682 0.12500000
0 0.34232955 0.88151042 0.02414773 0.09375000
1 0.64275568 0.81380208 0.01704545 0.10937500
2 0.31285511 0.91796875 0.02201705 0.08333333
0 0.27947443 0.93164062 0.02343750 0.07942708
0 0.62748580 0.81640625 0.02059659 0.07552083
0 0.29580966 0.81510417 0.02059659 0.07291667
2 0.35830966 0.84440104 0.01917614 0.07682292
2 0.22123580 0.84505208 0.01917614 0.05989583
2 0.07634943 0.70052083 0.01349432 0.05208333
0 0.45205966 0.63151042 0.01349432 0.04947917
0 0.53089489 0.61067708 0.01065341 0.03125000
2 0.21484375 0.88606771 0.02343750 0.07942708
0 0.62500000 0.90234375 0.02130682 0.08333333
0 0.69531250 0.80338542 0.01846591 0.07291667
0 0.25603693 0.82421875 0.01917614 0.06770833
0 0.65838068 0.80078125 0.01704545 0.05468750
0 0.70951705 0.81054688 0.01846591 0.04817708
0 0.45490057 0.70572917 0.01775568 0.03906250
0 0.25000000 0.59635417 0.01278409 0.02083333
0 0.27343750 0.56250000 0.00994318 0.02604167
