1 0.59197443 0.92382812 0.02059659 0.11848958
0 0.65340909 0.86067708 0.02840909 0.07031250
0 0.08984375 0.77343750 0.02343750 0.08072917
2 0.15838068 0.75130208 0.02414773 0.07812500
2 0.12215909 0.77343750 0.02272727 0.07552083
0 0.16477273 0.68619792 0.01988636 0.06770833
1 0.39879261 0.53515625 0.01349432 0.08333333
0 0.07705966 0.70052083 0.01917614 0.04947917
0 0.42720170 0.55013021 0.01633523 0.05078125
0 0.11257102 0.68554688 0.01917614 0.07421875
0 0.38565341 0.55989583 0.01704545 0.06510417
