2 0.41867898 0.91731771 0.02485795 0.09244792
2 0.89737216 0.92513021 0.02627841 0.04817708
1 0.23259943 0.90625000 0.02769886 0.11718750
1 0.42045455 0.64843750 0.01704545 0.10156250
0 0.29580966 0.73437500 0.02627841 0.06250000
2 0.96803977 0.90820312 0.02130682 0.07942708
2 0.75426136 0.37239583 0.01846591 0.07031250
2 0.60582386 0.35026042 0.01704545 0.07031250
2 0.66938920 0.41210938 0.01491477 0.04817708
0 0.38210227 0.45833333 0.03267045 0.07812500
0 0.69602273 0.51627604 0.01420455 0.03515625
0 0.96626420 0.69010417 0.01917614 0.03125000
0 0.09126420 0.51822917 0.01207386 0.03385417
2 0.67365057 0.32552083 0.01207386 0.05468750
2 0.75000000 0.61458333 0.01704545 0.03125000
1 0.74041193 0.54166667 0.01349432 0.05989583
0 0.75035511 0.53385417 0.01207386 0.04166667
0 0.10688920 0.50065104 0.01207386 0.03515625
2 0.71306818 0.52929688 0.01278409 0.04817708
0 0.72443182 0.51888021 0.01420455 0.04557292
0 0.43963068 0.36653646 0.00852273 0.02213542
0 0.40731534 0.34895833 0.01207386 0.01562500
