0 0.38565341 0.95442708 0.03977273 0.08854167
1 0.39666193 0.74804688 0.01917614 0.11328125
2 0.43430398 0.78515625 0.02201705 0.08072917
1 0.00887784 0.73958333 0.01775568 0.10156250
0 0.03125000 0.74153646 0.02272727 0.06901042
0 0.57990057 0.56184896 0.01917614 0.05598958
1 0.16015625 0.57552083 0.01207386 0.05729167
1 0.57919034 0.48893229 0.01065341 0.06640625
0 0.54012784 0.52734375 0.01775568 0.02864583
1 0.55362216 0.47916667 0.01065341 0.04427083
0 0.57279830 0.42382812 0.01065341 0.03515625
0 0.47265625 0.93424479 0.03764205 0.10546875
1 0.38920455 0.80598958 0.02272727 0.11718750
0 0.50532670 0.79882812 0.03053977 0.08463542
2 0.43856534 0.96744792 0.02911932 0.06250000
2 0.47478693 0.70638021 0.01917614 0.07421875
1 0.56676136 0.53906250 0.01278409 0.08593750
0 0.26420455 0.52539062 0.01562500 0.05859375
2 0.53480114 0.69986979 0.01988636 0.04557292
0 0.10333807 0.62434896 0.01917614 0.04557292
0 0.54545455 0.56575521 0.01704545 0.05078125
0 0.36221591 0.45507812 0.01136364 0.03515625
