1 0.24076705 0.85481771 0.02698864 0.10286458
0 0.36115057 0.88476562 0.02911932 0.08723958
1 0.27947443 0.79687500 0.02485795 0.09895833
2 0.23828125 0.94661458 0.02769886 0.08072917
2 0.70348011 0.90299479 0.02769886 0.07942708
1 0.30504261 0.79817708 0.02201705 0.09895833
2 0.72691761 0.89062500 0.02627841 0.07812500
2 0.27734375 0.96484375 0.02911932 0.06770833
1 0.25355114 0.70377604 0.02130682 0.08203125
0 0.61399148 0.64778646 0.02201705 0.05338542
2 0.21875000 0.75651042 0.01846591 0.06250000
1 0.16938920 0.44466146 0.01349432 0.06640625
0 0.12642045 0.49414062 0.01562500 0.04817708
0 0.66406250 0.30598958 0.01420455 0.04427083
2 0.73011364 0.99153646 0.01988636 0.01432292
0 0.63210227 0.87109375 0.03125000 0.10416667
0 0.68643466 0.79882812 0.02911932 0.10026042
0 0.59623580 0.92317708 0.02627841 0.10416667
2 0.74325284 0.93684896 0.03053977 0.08723958
0 0.19105114 0.79492188 0.02840909 0.07942708
0 0.23224432 0.61458333 0.02130682 0.07812500
2 0.84339489 0.58333333 0.02201705 0.07291667
0 0.86718750 0.56835938 0.01988636 0.07421875
0 0.81711648 0.59570312 0.01917614 0.05338542
