0 0.31818182 0.79817708 0.03835227 0.09114583
0 0.66157670 0.96289062 0.03480114 0.06901042
0 0.68785511 0.89648438 0.03053977 0.07421875
0 0.58167614 0.87955729 0.02272727 0.09765625
1 0.51136364 0.57161458 0.01420455 0.09375000
1 0.52911932 0.57552083 0.01420455 0.08593750
0 0.61150568 0.72200521 0.02698864 0.04036458
1 0.47443182 0.54361979 0.01420455 0.05338542
0 0.49041193 0.55664062 0.01633523 0.02994792
1 0.60937500 0.88476562 0.02130682 0.14713542
0 0.34019886 0.58138021 0.01988636 0.05598958
2 0.63955966 0.86588542 0.02343750 0.04427083
0 0.54474432 0.57682292 0.01704545 0.04947917
