1 0.69105114 0.73437500 0.02272727 0.10156250
1 0.70063920 0.55208333 0.01917614 0.10416667
0 0.56143466 0.97591146 0.03338068 0.04557292
0 0.51882102 0.79622396 0.02911932 0.04557292
2 0.73224432 0.55989583 0.01846591 0.06510417
0 0.25639205 0.51041667 0.01846591 0.04687500
0 0.13032670 0.64062500 0.02059659 0.03906250
2 0.71555398 0.46875000 0.01491477 0.04947917
2 0.62997159 0.93815104 0.02698864 0.11067708
2 0.67471591 0.86002604 0.02698864 0.10546875
0 0.63565341 0.69856771 0.02414773 0.06901042
2 0.72798295 0.64062500 0.02130682 0.07031250
0 0.31676136 0.76171875 0.02982955 0.04947917
0 0.15660511 0.63932292 0.02343750 0.05208333
0 0.68252841 0.59309896 0.01988636 0.05078125
1 0.36434659 0.43424479 0.01278409 0.07421875
1 0.34161932 0.43619792 0.00994318 0.04166667
