1 0.13139205 0.59244792 0.02272727 0.07552083
1 0.48330966 0.31640625 0.01349432 0.08854167
0 0.77201705 0.82291667 0.02272727 0.05468750
0 0.17968750 0.78580729 0.02130682 0.04817708
1 0.18288352 0.53190104 0.01207386 0.07682292
2 0.14062500 0.65885417 0.01846591 0.04947917
0 0.13068182 0.55143229 0.01846591 0.05078125
1 0.80397727 0.55013021 0.01420455 0.05078125
2 0.10937500 0.58789062 0.01562500 0.04296875
2 0.35475852 0.38346354 0.01349432 0.04036458
2 0.41193182 0.47265625 0.01136364 0.04166667
0 0.45845170 0.25325521 0.01065341 0.03776042
1 0.74467330 0.79622396 0.02343750 0.08203125
2 0.20134943 0.76953125 0.02343750 0.07031250
2 0.79403409 0.84244792 0.02272727 0.06770833
2 0.81676136 0.86653646 0.02414773 0.06119792
0 0.25426136 0.66666667 0.02272727 0.06250000
2 0.23686080 0.85221354 0.02485795 0.05598958
1 0.82634943 0.52473958 0.01775568 0.07031250
2 0.20099432 0.86132812 0.02272727 0.05338542
2 0.84410511 0.87955729 0.02201705 0.05338542
2 0.71448864 0.96679688 0.02272727 0.04817708
0 0.81036932 0.61848958 0.01988636 0.05208333
1 0.10724432 0.52278646 0.01704545 0.06119792
2 0.82031250 0.77669271 0.01988636 0.04817708
2 0.48544034 0.52604167 0.01491477 0.05729167
2 0.21803977 0.81575521 0.01988636 0.03776042
0 0.42968750 0.52083333 0.01420455 0.04687500
2 0.45738636 0.52148438 0.01420455 0.04036458
1 0.43821023 0.44531250 0.01136364 0.05208333
2 0.86896307 0.42187500 0.01349432 0.03906250
