2 0.43394886 0.74544271 0.01988636 0.06640625
0 0.17649148 0.70963542 0.02343750 0.03906250
2 0.53764205 0.47265625 0.01562500 0.05208333
0 0.71413352 0.44921875 0.01633523 0.02604167
0 0.45276989 0.36002604 0.01065341 0.02213542
0 0.59303977 0.55729167 0.02414773 0.08072917
2 0.59197443 0.73828125 0.01917614 0.07031250
0 0.33451705 0.35807292 0.01704545 0.05208333
2 0.82705966 0.55078125 0.01349432 0.05468750
0 0.35120739 0.47330729 0.01917614 0.03776042
2 0.48188920 0.49283854 0.01065341 0.03515625
2 0.92542614 0.59960938 0.01278409 0.02994792
