1 0.68572443 0.79101562 0.01917614 0.11067708
0 0.62144886 0.74674479 0.02272727 0.07421875
0 0.71803977 0.61523438 0.01988636 0.06380208
0 0.74502841 0.82226562 0.02414773 0.05078125
0 0.06853693 0.69270833 0.01633523 0.05208333
0 0.26917614 0.63216146 0.02130682 0.03255208
0 0.08451705 0.66015625 0.01562500 0.04166667
0 0.48437500 0.39192708 0.00994318 0.02343750
1 0.65660511 0.78059896 0.02059659 0.10546875
0 0.57315341 0.77343750 0.02414773 0.07812500
2 0.58913352 0.79101562 0.02059659 0.08463542
0 0.78018466 0.70833333 0.02201705 0.06510417
0 0.66264205 0.72005208 0.02272727 0.06250000
0 0.50142045 0.49544271 0.01278409 0.04036458
