0 0.68678977 0.94726562 0.02840909 0.06119792
0 0.11896307 0.77408854 0.02627841 0.07942708
1 0.72514205 0.90039062 0.02698864 0.09765625
0 0.14985795 0.88736979 0.02840909 0.06901042
0 0.38991477 0.56315104 0.01704545 0.05859375
0 0.17045455 0.79752604 0.02556818 0.07161458
0 0.41761364 0.49218750 0.01420455 0.05468750
0 0.66938920 0.80078125 0.02343750 0.03645833
0 0.72443182 0.47135417 0.01420455 0.02864583
0 0.75142045 0.82877604 0.02556818 0.06640625
0 0.42294034 0.76888021 0.02485795 0.07682292
0 0.16654830 0.66080729 0.02059659 0.05338542
0 0.21519886 0.41536458 0.01136364 0.04687500
0 0.82599432 0.56510417 0.01704545 0.04947917
0 0.78657670 0.70312500 0.02201705 0.05989583
0 0.49857955 0.44531250 0.01278409 0.04947917
0 0.48970170 0.48828125 0.01491477 0.04947917
0 0.75745739 0.35677083 0.01065341 0.03125000
1 0.45099432 0.48502604 0.00994318 0.05598958
0 0.42400568 0.28906250 0.00994318 0.02864583
0 0.24005682 0.40039062 0.01136364 0.02734375
0 0.66548295 0.37890625 0.00994318 0.02083333
0 0.36008523 0.35091146 0.01278409 0.03255208
0 0.81676136 0.61002604 0.01704545 0.05338542
0 0.10404830 0.43359375 0.01065341 0.04166667
1 0.46058239 0.48242188 0.01065341 0.05598958
0 0.83167614 0.51757812 0.01420455 0.03515625
