0 0.22088068 0.86002604 0.03835227 0.07942708
2 0.41335227 0.94986979 0.02840909 0.08723958
1 0.64488636 0.59895833 0.02272727 0.08854167
0 0.62642045 0.77018229 0.02272727 0.07421875
1 0.52414773 0.78125000 0.02130682 0.07812500
2 0.73579545 0.52278646 0.01704545 0.06119792
2 0.17862216 0.55338542 0.01775568 0.05468750
0 0.21732955 0.51822917 0.01846591 0.05208333
2 0.16157670 0.53385417 0.01633523 0.05468750
2 0.00745739 0.50390625 0.01491477 0.04947917
2 0.82173295 0.44726562 0.01278409 0.04557292
0 0.22798295 0.88085938 0.05397727 0.12109375
1 0.70561080 0.54752604 0.02769886 0.13151042
2 0.54509943 0.90820312 0.02627841 0.08203125
2 0.59481534 0.69466146 0.02201705 0.07682292
1 0.19744318 0.55273438 0.01704545 0.07682292
0 0.23437500 0.53320312 0.01988636 0.05338542
1 0.67542614 0.23763021 0.01420455 0.07161458
1 0.55362216 0.26562500 0.01491477 0.06770833
2 0.77130682 0.45507812 0.01562500 0.04817708
0 0.16725852 0.45182292 0.01491477 0.04166667
2 0.82954545 0.40494792 0.01278409 0.04947917
2 0.20880682 0.48763021 0.01278409 0.03515625
