1 0.34446023 0.76236979 0.01562500 0.05859375
2 0.67223011 0.71679688 0.01633523 0.05338542
0 0.17151989 0.64713542 0.01775568 0.04687500
1 0.56747159 0.54101562 0.01136364 0.06119792
0 0.62073864 0.53255208 0.01420455 0.04427083
1 0.43039773 0.84505208 0.01988636 0.07812500
0 0.13103693 0.93164062 0.02485795 0.04817708
0 0.03480114 0.74739583 0.01846591 0.05208333
0 0.12144886 0.76367188 0.02130682 0.04036458
0 0.46697443 0.77473958 0.02201705 0.03906250
1 0.79936080 0.69270833 0.01349432 0.04687500
0 0.45241477 0.50455729 0.01420455 0.02734375
2 0.91583807 0.69726562 0.01349432 0.02734375
