2 0.93394886 0.89388021 0.04829545 0.13151042
0 0.40092330 0.66536458 0.03764205 0.11197917
2 0.33487216 0.67057292 0.02627841 0.08333333
2 0.54865057 0.52864583 0.01917614 0.05989583
2 0.77734375 0.84635417 0.02769886 0.03125000
0 0.66335227 0.39322917 0.01420455 0.03125000
0 0.89204545 0.47070312 0.01704545 0.02213542
1 0.65482955 0.72591146 0.02982955 0.12890625
0 0.80646307 0.92057292 0.02485795 0.06510417
2 0.37571023 0.80729167 0.02556818 0.03906250
0 0.38352273 0.54296875 0.01988636 0.03385417
2 0.51811080 0.41796875 0.01491477 0.03906250
0 0.08380682 0.60286458 0.01988636 0.02604167
