1 0.48046875 0.89127604 0.02343750 0.14453125
1 0.21448864 0.74739583 0.02272727 0.11979167
2 0.62713068 0.95898438 0.02982955 0.07942708
2 0.20454545 0.96028646 0.02840909 0.07682292
1 0.58274148 0.56705729 0.01775568 0.11067708
1 0.80397727 0.96354167 0.02556818 0.07031250
0 0.82634943 0.60481771 0.01917614 0.07682292
0 0.85120739 0.61393229 0.01917614 0.05859375
2 0.27237216 0.71875000 0.01917614 0.04166667
0 0.08948864 0.55273438 0.01562500 0.04557292
2 0.16903409 0.98437500 0.02130682 0.02864583
0 0.55788352 0.46354167 0.01349432 0.04166667
0 0.13458807 0.59049479 0.01775568 0.02473958
0 0.26100852 0.41666667 0.01633523 0.02343750
0 0.88352273 0.40625000 0.00994318 0.03385417
0 0.40482955 0.84309896 0.03267045 0.09505208
0 0.59090909 0.95768229 0.03693182 0.08203125
1 0.09090909 0.62890625 0.01846591 0.09375000
1 0.03728693 0.57877604 0.01491477 0.07942708
0 0.18572443 0.66341146 0.02485795 0.04557292
2 0.87251420 0.61263021 0.01633523 0.05338542
0 0.51420455 0.52994792 0.02272727 0.02864583
2 0.05752841 0.55013021 0.01420455 0.04817708
2 0.54687500 0.49544271 0.01136364 0.04557292
0 0.84410511 0.53059896 0.01491477 0.02734375
