1 0.67684659 0.77018229 0.03693182 0.15494792
2 0.88387784 0.80664062 0.02201705 0.03515625
0 0.30717330 0.87565104 0.04048295 0.10807292
1 0.49609375 0.67773438 0.02627841 0.07682292
1 0.16796875 0.67317708 0.02201705 0.07031250
2 0.64311080 0.70507812 0.01917614 0.06901042
1 0.22052557 0.67708333 0.02201705 0.07031250
2 0.44282670 0.73567708 0.02343750 0.07812500
1 0.10156250 0.63476562 0.01846591 0.10286458
1 0.51704545 0.66471354 0.01704545 0.06380208
2 0.47088068 0.71679688 0.01846591 0.04036458
0 0.36931818 0.54557292 0.01846591 0.04427083
2 0.32741477 0.82161458 0.02272727 0.06250000
1 0.19957386 0.67447917 0.02130682 0.07291667
2 0.84268466 0.88346354 0.01633523 0.05859375
0 0.98721591 0.87955729 0.02414773 0.06640625
2 0.82812500 0.79361979 0.02414773 0.03255208
2 0.11576705 0.64843750 0.01420455 0.03125000
1 0.42365057 0.39778646 0.01065341 0.05338542
2 0.07457386 0.64127604 0.01846591 0.04817708
0 0.57776989 0.41601562 0.01207386 0.02734375
2 0.13955966 0.70442708 0.02059659 0.04687500
1 0.28551136 0.58072917 0.01420455 0.04947917
