1 0.90660511 0.85156250 0.02627841 0.15364583
0 0.30433239 0.82031250 0.03622159 0.10937500
2 0.77769886 0.94010417 0.03551136 0.11197917
1 0.22194602 0.37695312 0.02485795 0.14453125
2 0.29651989 0.88541667 0.03053977 0.10937500
1 0.76278409 0.80794271 0.02130682 0.15234375
0 0.32919034 0.78906250 0.03338068 0.09895833
2 0.15376420 0.88671875 0.03196023 0.10156250
2 0.16477273 0.84765625 0.02840909 0.10416667
0 0.28125000 0.75585938 0.02982955 0.09244792
0 0.20312500 0.77148438 0.03267045 0.07682292
0 0.58558239 0.52669271 0.03196023 0.07682292
2 0.84232955 0.83333333 0.02698864 0.08333333
2 0.27663352 0.84765625 0.02059659 0.08333333
2 0.74928977 0.78971354 0.01988636 0.07942708
2 0.77308239 0.58007812 0.02627841 0.05598958
1 0.23473011 0.80143229 0.02911932 0.16276042
1 0.81569602 0.85026042 0.03053977 0.15625000
0 0.84303977 0.92838542 0.03977273 0.11718750
0 0.74928977 0.88411458 0.03835227 0.11458333
0 0.19460227 0.87109375 0.03835227 0.10937500
2 0.88245739 0.91015625 0.03053977 0.10677083
1 0.18607955 0.76692708 0.02414773 0.11718750
2 0.87784091 0.77343750 0.02556818 0.09635417
1 0.45845170 0.48763021 0.01633523 0.08203125
