1 0.90731534 0.79882812 0.02059659 0.06380208
2 0.90021307 0.71289062 0.01917614 0.06901042
2 0.92791193 0.83593750 0.01917614 0.06770833
2 0.41619318 0.85221354 0.01988636 0.04557292
2 0.71839489 0.73437500 0.01917614 0.04427083
2 0.87784091 0.80859375 0.02130682 0.07291667
0 0.33913352 0.76367188 0.02769886 0.05859375
0 0.34623580 0.66992188 0.02343750 0.04296875
2 0.46413352 0.50976562 0.01349432 0.03515625
2 0.89914773 0.60546875 0.00994318 0.03125000
0 0.31676136 0.52213542 0.01704545 0.04166667
2 0.94708807 0.81445312 0.01917614 0.07161458
0 0.03018466 0.83398438 0.02769886 0.07421875
