1 0.80291193 0.86002604 0.03196023 0.13932292
1 0.12855114 0.64778646 0.02272727 0.12630208
1 0.17542614 0.62825521 0.02130682 0.12369792
1 0.26171875 0.36067708 0.01207386 0.07812500
2 0.10440341 0.65625000 0.02130682 0.07552083
1 0.22407670 0.64453125 0.02343750 0.09895833
1 0.19815341 0.42122396 0.01420455 0.08723958
2 0.76136364 0.95703125 0.03409091 0.08333333
1 0.91548295 0.64518229 0.02840909 0.12369792
2 0.23259943 0.38867188 0.01349432 0.05338542
2 0.19602273 0.72916667 0.01988636 0.08333333
2 0.96875000 0.55794271 0.01562500 0.05338542
0 0.83380682 0.85546875 0.03551136 0.09114583
1 0.37393466 0.45572917 0.01349432 0.05729167
0 0.84268466 0.95507812 0.04332386 0.08723958
0 0.98828125 0.57096354 0.01917614 0.05078125
2 0.93004261 0.55208333 0.01491477 0.05208333
0 0.91406250 0.56250000 0.02130682 0.05468750
0 0.88813920 0.62565104 0.02343750 0.06380208
0 0.21875000 0.43098958 0.02130682 0.05468750
1 0.87748580 0.68880208 0.01917614 0.07291667
0 0.70774148 0.84960938 0.03622159 0.05598958
1 0.91228693 0.46223958 0.01633523 0.07291667
2 0.90553977 0.75781250 0.02556818 0.08333333
1 0.68465909 0.95117188 0.02840909 0.09505208
2 0.24644886 0.43489583 0.01420455 0.03645833
0 0.24502841 0.35416667 0.01562500 0.02604167
0 0.19744318 0.60742188 0.01704545 0.05078125
