0 0.56214489 0.76888021 0.02343750 0.06640625
0 0.46839489 0.72395833 0.01917614 0.04166667
0 0.27556818 0.81966146 0.02272727 0.06380208
0 0.24112216 0.81054688 0.02201705 0.06380208
0 0.73792614 0.40755208 0.01136364 0.04166667
0 0.37464489 0.39648438 0.01349432 0.01953125
0 0.17578125 0.70898438 0.01775568 0.04296875
0 0.96839489 0.68098958 0.01775568 0.03385417
0 0.76384943 0.37955729 0.01207386 0.03776042
0 0.07919034 0.46614583 0.01207386 0.03906250
0 0.76384943 0.24934896 0.00923295 0.02213542
0 0.09339489 0.47981771 0.01207386 0.04296875
0 0.41299716 0.28776042 0.00923295 0.02604167
0 0.10191761 0.46158854 0.01207386 0.03515625
0 0.91548295 0.37304688 0.00994318 0.01953125
1 0.25177557 0.71679688 0.01775568 0.08203125
1 0.06143466 0.46614583 0.01065341 0.04427083
1 0.23721591 0.73697917 0.01704545 0.08072917
1 0.99289773 0.74088542 0.01278409 0.05729167
2 0.22301136 0.77473958 0.01846591 0.06510417
2 0.27876420 0.70377604 0.01775568 0.06119792
2 0.33877841 0.72265625 0.01846591 0.06510417
2 0.34623580 0.78515625 0.01775568 0.05208333
2 0.72159091 0.40234375 0.00994318 0.03906250
2 0.99325284 0.74088542 0.01349432 0.05989583
