1 0.63139205 0.78776042 0.02272727 0.11197917
1 0.43572443 0.95768229 0.02343750 0.08203125
2 0.83700284 0.65950521 0.01917614 0.06901042
1 0.29296875 0.47070312 0.01349432 0.06901042
2 0.61044034 0.96679688 0.02627841 0.06380208
1 0.90447443 0.60677083 0.01775568 0.08333333
1 0.35688920 0.59765625 0.01633523 0.08854167
2 0.33132102 0.62890625 0.01775568 0.06510417
2 0.81782670 0.62890625 0.01775568 0.06510417
1 0.88281250 0.51432292 0.01420455 0.06510417
2 0.85369318 0.67252604 0.01988636 0.06901042
2 0.67826705 0.88867188 0.02698864 0.09765625
1 0.30788352 0.55078125 0.01349432 0.06770833
1 0.48259943 0.86718750 0.02201705 0.09375000
0 0.59659091 0.82161458 0.02698864 0.09375000
0 0.30184659 0.97460938 0.02556818 0.04817708
0 0.71946023 0.87369792 0.03267045 0.09895833
0 0.64169034 0.88346354 0.03053977 0.08723958
1 0.10440341 0.68750000 0.01846591 0.07552083
0 0.79580966 0.60351562 0.02059659 0.06640625
1 0.33025568 0.97656250 0.01420455 0.04427083
0 0.31534091 0.60611979 0.01988636 0.05859375
0 0.84588068 0.55403646 0.01704545 0.05598958
1 0.96164773 0.41796875 0.01136364 0.05208333
0 0.88068182 0.64713542 0.01988636 0.07291667
1 0.60866477 0.43164062 0.00994318 0.06640625
0 0.86150568 0.54166667 0.01704545 0.05989583
0 0.28018466 0.52994792 0.01633523 0.02604167
0 0.53196023 0.97721354 0.03977273 0.04296875
2 0.86860795 0.68098958 0.01846591 0.06770833
0 0.65092330 0.45638021 0.01207386 0.03515625
0 0.92826705 0.44921875 0.01278409 0.04166667
