1 0.48473011 0.76106771 0.02059659 0.07682292
1 0.52698864 0.62955729 0.01562500 0.05338542
1 0.18856534 0.78971354 0.02059659 0.07942708
2 0.14666193 0.84375000 0.01917614 0.04947917
1 0.23615057 0.82552083 0.02343750 0.07031250
2 0.68039773 0.72916667 0.01846591 0.04166667
0 0.64879261 0.95833333 0.03622159 0.07812500
0 0.90234375 0.94856771 0.03338068 0.07421875
1 0.59730114 0.52083333 0.01136364 0.03906250
0 0.73082386 0.66276042 0.01988636 0.05729167
1 0.70845170 0.54231771 0.01349432 0.05338542
0 0.68750000 0.67057292 0.01846591 0.03645833
