1 0.75035511 0.85677083 0.03053977 0.13020833
2 0.98508523 0.81445312 0.02982955 0.10286458
1 0.61186080 0.62890625 0.02059659 0.09375000
2 0.51526989 0.90690104 0.03053977 0.07682292
1 0.29509943 0.75976562 0.03338068 0.15494792
2 0.32173295 0.91861979 0.02130682 0.05338542
1 0.13174716 0.70052083 0.01633523 0.05468750
1 0.17365057 0.63671875 0.01775568 0.06250000
2 0.99076705 0.67643229 0.01846591 0.07421875
0 0.94886364 0.71549479 0.03125000 0.09505208
0 0.99183239 0.73958333 0.01633523 0.05989583
0 0.80823864 0.65429688 0.03551136 0.04557292
2 0.96768466 0.63476562 0.01775568 0.04036458
0 0.97088068 0.48111979 0.01846591 0.05598958
0 0.99183239 0.56966146 0.01633523 0.05859375
