0 0.60688920 0.94140625 0.01917614 0.05989583
0 0.57990057 0.92317708 0.01775568 0.05729167
2 0.51740057 0.93880208 0.01491477 0.05989583
2 0.54580966 0.93229167 0.01491477 0.05729167
2 0.52663352 0.97200521 0.01491477 0.05338542
1 0.61292614 0.97395833 0.01420455 0.04947917
0 0.55717330 0.83333333 0.01775568 0.03385417
0 0.15021307 0.79427083 0.01349432 0.03645833
0 0.61647727 0.61783854 0.01136364 0.04296875
0 0.24964489 0.89257812 0.01491477 0.02994792
0 0.38210227 0.58268229 0.01278409 0.03515625
0 0.62819602 0.57356771 0.01207386 0.03515625
0 0.37144886 0.59309896 0.01136364 0.03776042
0 0.36363636 0.60677083 0.00994318 0.03645833
0 0.20170455 0.73177083 0.01278409 0.02343750
0 0.64026989 0.61328125 0.01207386 0.01822917
0 0.62428977 0.86197917 0.01704545 0.05208333
2 0.58522727 0.97591146 0.01562500 0.04557292
1 0.54723011 0.97395833 0.01349432 0.04947917
2 0.56214489 0.98372396 0.02059659 0.02994792
0 0.56747159 0.60026042 0.01136364 0.03125000
