1 0.32173295 0.55143229 0.02130682 0.10026042
1 0.34623580 0.52994792 0.02059659 0.09895833
1 0.57776989 0.73177083 0.02343750 0.10156250
1 0.92187500 0.70312500 0.02698864 0.09635417
2 0.48366477 0.53385417 0.02130682 0.04427083
1 0.30610795 0.54166667 0.01704545 0.09375000
1 0.55397727 0.36588542 0.01704545 0.06510417
2 0.95951705 0.77343750 0.02982955 0.08072917
2 0.92649148 0.94791667 0.03196023 0.08072917
2 0.58913352 0.57942708 0.02059659 0.04427083
1 0.92329545 0.86067708 0.02982955 0.10156250
2 0.58948864 0.52994792 0.02130682 0.05468750
1 0.96448864 0.31119792 0.01420455 0.06250000
0 0.22478693 0.97460938 0.03338068 0.04817708
0 0.36186080 0.51106771 0.02485795 0.07421875
2 0.61292614 0.32226562 0.01846591 0.03515625
2 0.64985795 0.22135417 0.01278409 0.03125000
0 0.79687500 0.42773438 0.02414773 0.05078125
0 0.88778409 0.75455729 0.03125000 0.06119792
1 0.96981534 0.41861979 0.01633523 0.05598958
1 0.88423295 0.84895833 0.03125000 0.11197917
1 0.95561080 0.93815104 0.03480114 0.10286458
2 0.78196023 0.16341146 0.01278409 0.02213542
0 0.84019886 0.28841146 0.01704545 0.02473958
0 0.86363636 0.64648438 0.02130682 0.04557292
2 0.91441761 0.79752604 0.02769886 0.08723958
0 0.94708807 0.49088542 0.02201705 0.06250000
