1 0.98224432 0.72526042 0.01846591 0.08593750
2 0.21377841 0.82877604 0.02130682 0.02994792
2 0.66086648 0.70833333 0.01917614 0.03906250
2 0.71129261 0.67122396 0.01491477 0.03255208
2 0.52698864 0.82812500 0.01846591 0.07031250
0 0.04865057 0.88346354 0.02201705 0.04296875
0 0.36825284 0.52018229 0.02343750 0.06640625
0 0.51065341 0.70442708 0.02698864 0.08854167
2 0.90909091 0.69596354 0.01562500 0.04557292
0 0.55220170 0.40820312 0.01633523 0.04817708
1 0.24396307 0.66015625 0.01349432 0.05208333
1 0.23437500 0.66015625 0.01136364 0.04427083
2 0.24751420 0.70052083 0.01491477 0.02604167
0 0.50177557 0.40494792 0.01207386 0.02083333
0 0.01598011 0.52604167 0.01349432 0.01822917
2 0.61967330 0.46809896 0.01349432 0.02734375
0 0.06498580 0.56835938 0.01633523 0.03255208
