1 0.31995739 0.91536458 0.02911932 0.13541667
0 0.36789773 0.89778646 0.03835227 0.10026042
2 0.32812500 0.83854167 0.02840909 0.09895833
1 0.26669034 0.75065104 0.02343750 0.10286458
0 0.28338068 0.75325521 0.02982955 0.07942708
2 0.74183239 0.65429688 0.02059659 0.07161458
0 0.76811080 0.62955729 0.02343750 0.05859375
1 0.79012784 0.42968750 0.01349432 0.07812500
1 0.84303977 0.59830729 0.01704545 0.05338542
0 0.40518466 0.83463542 0.03480114 0.09114583
1 0.39453125 0.70247396 0.02201705 0.12630208
2 0.34588068 0.77604167 0.02556818 0.10156250
1 0.69389205 0.58398438 0.01704545 0.09505208
1 0.24467330 0.62630208 0.01917614 0.07552083
0 0.68146307 0.63411458 0.02201705 0.06250000
