1 0.76526989 0.63216146 0.01491477 0.07682292
2 0.75035511 0.79296875 0.02201705 0.07812500
2 0.63174716 0.97460938 0.02485795 0.04817708
1 0.71803977 0.84960938 0.02130682 0.08463542
1 0.62251420 0.75195312 0.02059659 0.07682292
0 0.66406250 0.88085938 0.02982955 0.08203125
2 0.68750000 0.95507812 0.02982955 0.08723958
1 0.44353693 0.65885417 0.01633523 0.07031250
0 0.20241477 0.73697917 0.02698864 0.05468750
0 0.09978693 0.94986979 0.03196023 0.06640625
0 0.79296875 0.65169271 0.02343750 0.05338542
0 0.70241477 0.76627604 0.02414773 0.05078125
1 0.80823864 0.54361979 0.01278409 0.05338542
0 0.79296875 0.58789062 0.01491477 0.04557292
1 0.49751420 0.41927083 0.01065341 0.05208333
1 0.35085227 0.62630208 0.01704545 0.04947917
1 0.35085227 0.67513021 0.02130682 0.14453125
0 0.79616477 0.55794271 0.01420455 0.02213542
2 0.60191761 0.52539062 0.01207386 0.02734375
