1 0.46448864 0.88606771 0.01988636 0.09505208
1 0.42116477 0.81770833 0.01704545 0.08854167
1 0.51278409 0.81315104 0.01704545 0.08984375
2 0.44602273 0.86718750 0.01704545 0.06770833
2 0.48153409 0.86458333 0.01704545 0.06510417
2 0.48863636 0.81445312 0.01562500 0.05859375
2 0.46590909 0.80338542 0.01562500 0.06510417
0 0.50035511 0.88997396 0.02627841 0.06640625
0 0.40767045 0.86523438 0.02272727 0.05598958
0 0.43998580 0.81119792 0.02059659 0.05208333
0 0.52947443 0.85611979 0.02059659 0.06119792
2 0.22336648 0.73372396 0.01349432 0.02994792
0 0.17223011 0.65950521 0.01349432 0.03515625
2 0.46910511 0.55924479 0.01349432 0.04296875
1 0.44176136 0.56184896 0.01136364 0.03515625
1 0.41299716 0.56640625 0.01207386 0.05729167
