1 0.41051136 0.78971354 0.03267045 0.15494792
2 0.31569602 0.94401042 0.04474432 0.10937500
1 0.46803977 0.92252604 0.03693182 0.15234375
1 0.45383523 0.86197917 0.02556818 0.15885417
2 0.17436080 0.95052083 0.03338068 0.06770833
2 0.36647727 0.74804688 0.02698864 0.05598958
1 0.38778409 0.92968750 0.03977273 0.13802083
2 0.54154830 0.63020833 0.02343750 0.08593750
2 0.51811080 0.80273438 0.03196023 0.12630208
0 0.52805398 0.94921875 0.05468750 0.09895833
1 0.49680398 0.51236979 0.01349432 0.08463542
1 0.48401989 0.43294271 0.01207386 0.07942708
0 0.87855114 0.71419271 0.02698864 0.04296875
2 0.06072443 0.65364583 0.01491477 0.05468750
1 0.44602273 0.52669271 0.01420455 0.06901042
0 0.07350852 0.65625000 0.01775568 0.04427083
0 0.46697443 0.44075521 0.01491477 0.03515625
0 0.45276989 0.51236979 0.01917614 0.06901042
