1 0.48934659 0.87955729 0.01988636 0.06380208
0 0.35830966 0.69856771 0.02059659 0.05598958
2 0.74928977 0.84244792 0.01704545 0.05208333
0 0.70170455 0.67968750 0.01846591 0.03906250
2 0.85227273 0.92643229 0.02130682 0.07161458
2 0.86008523 0.85091146 0.01846591 0.08203125
0 0.87286932 0.72526042 0.02272727 0.05468750
2 0.67542614 0.79817708 0.01846591 0.04687500
0 0.30255682 0.74348958 0.01846591 0.03645833
0 0.75745739 0.56966146 0.01349432 0.03255208
0 0.41406250 0.49153646 0.01278409 0.02734375
