2 0.79971591 0.81119792 0.01988636 0.04166667
2 0.77521307 0.92382812 0.02343750 0.05338542
2 0.61363636 0.59179688 0.01562500 0.05338542
0 0.05362216 0.75520833 0.02911932 0.08593750
2 0.50603693 0.58268229 0.01633523 0.02994792
0 0.61576705 0.46809896 0.02414773 0.07682292
0 0.74502841 0.55143229 0.02698864 0.07161458
0 0.54048295 0.46940104 0.02840909 0.08463542
2 0.68536932 0.48697917 0.01704545 0.02604167
2 0.67187500 0.50520833 0.01988636 0.04427083
2 0.84161932 0.51953125 0.01278409 0.02604167
0 0.11399148 0.49218750 0.01775568 0.05208333
0 0.04687500 0.63151042 0.02272727 0.04166667
0 0.27414773 0.30208333 0.01136364 0.01562500
0 0.29261364 0.29361979 0.01136364 0.01692708
2 0.95419034 0.57226562 0.01491477 0.05078125
