0 0.01811080 0.58723958 0.01917614 0.05468750
0 0.64595170 0.64518229 0.01775568 0.04036458
2 0.87606534 0.75846354 0.01775568 0.03776042
1 0.20348011 0.86328125 0.03622159 0.08333333
0 0.54545455 0.66861979 0.02414773 0.06901042
0 0.33451705 0.68294271 0.02556818 0.05338542
0 0.23686080 0.80859375 0.02485795 0.04687500
2 0.78941761 0.72656250 0.02201705 0.04947917
0 0.42791193 0.50260417 0.02059659 0.03645833
0 0.29936080 0.32552083 0.01207386 0.03645833
0 0.49325284 0.35156250 0.01491477 0.02343750
