0 0.86079545 0.70963542 0.03125000 0.07031250
0 0.06356534 0.68815104 0.02627841 0.06901042
2 0.88636364 0.67187500 0.02130682 0.08072917
0 0.51562500 0.60677083 0.02556818 0.03645833
1 0.81853693 0.68033854 0.02343750 0.12109375
1 0.65305398 0.68164062 0.02059659 0.10546875
1 0.66690341 0.64778646 0.01988636 0.10286458
0 0.76455966 0.69726562 0.02627841 0.06901042
0 0.31001420 0.61393229 0.02485795 0.07161458
0 0.73650568 0.66601562 0.02556818 0.06901042
2 0.05255682 0.63997396 0.01988636 0.06640625
2 0.98828125 0.67382812 0.02059659 0.06380208
2 0.91938920 0.66731771 0.01491477 0.07942708
0 0.29119318 0.65559896 0.02840909 0.03255208
