0 0.74822443 0.84895833 0.02769886 0.08333333
0 0.76171875 0.96419271 0.02627841 0.06380208
0 0.22017045 0.57421875 0.01278409 0.03906250
0 0.23792614 0.54231771 0.01278409 0.03515625
0 0.24822443 0.55078125 0.01207386 0.03906250
0 0.29794034 0.56510417 0.01349432 0.03385417
0 0.54829545 0.71093750 0.01562500 0.03906250
1 0.69318182 0.88281250 0.02130682 0.09635417
1 0.26775568 0.62434896 0.01420455 0.07161458
1 0.27556818 0.56770833 0.01278409 0.05989583
1 0.23792614 0.58072917 0.01136364 0.04947917
2 0.79083807 0.89453125 0.02201705 0.06250000
2 0.72123580 0.85286458 0.01917614 0.05989583
2 0.78586648 0.83919271 0.01917614 0.05859375
2 0.71768466 0.98242188 0.01917614 0.03255208
