1 0.36079545 0.94335938 0.02272727 0.11067708
1 0.44460227 0.86002604 0.01988636 0.10546875
2 0.30504261 0.94270833 0.02201705 0.07031250
2 0.40127841 0.83007812 0.01988636 0.07421875
2 0.43856534 0.92968750 0.02059659 0.07291667
2 0.83025568 0.78059896 0.01704545 0.05598958
2 0.21661932 0.85742188 0.02414773 0.07942708
2 0.34978693 0.83723958 0.01917614 0.06770833
0 0.40163352 0.96158854 0.03053977 0.07421875
1 0.78551136 0.57096354 0.01136364 0.07161458
1 0.39311080 0.49869792 0.00923295 0.05468750
0 0.88458807 0.78776042 0.02343750 0.06510417
2 0.43075284 0.69531250 0.01775568 0.05729167
0 0.85901989 0.86523438 0.02343750 0.06640625
2 0.90625000 0.82877604 0.01562500 0.04557292
2 0.75319602 0.55468750 0.00923295 0.03645833
2 0.74609375 0.56575521 0.01065341 0.03776042
2 0.48295455 0.87109375 0.02130682 0.07031250
0 0.36967330 0.82617188 0.01917614 0.06640625
1 0.05433239 0.65429688 0.01349432 0.04817708
2 0.43004261 0.50781250 0.00923295 0.02604167
2 0.60369318 0.47265625 0.00852273 0.03125000
2 0.22869318 0.53125000 0.00994318 0.02083333
