0 0.21697443 0.92382812 0.04616477 0.09505208
2 0.54012784 0.74023438 0.02059659 0.07161458
2 0.44460227 0.63346354 0.01846591 0.06901042
0 0.35546875 0.61002604 0.02485795 0.04557292
1 0.39346591 0.42578125 0.01562500 0.05729167
2 0.86754261 0.74674479 0.01349432 0.04557292
2 0.67223011 0.35351562 0.01207386 0.01953125
0 0.43536932 0.33268229 0.01136364 0.01692708
1 0.54865057 0.62174479 0.02343750 0.07942708
0 0.47336648 0.60742188 0.02343750 0.04557292
0 0.70028409 0.72526042 0.01704545 0.04687500
0 0.06676136 0.48307292 0.01562500 0.04427083
2 0.75603693 0.60351562 0.02059659 0.02473958
0 0.23970170 0.38216146 0.01633523 0.02994792
