1 0.18146307 0.85872396 0.02911932 0.09244792
1 0.59161932 0.55794271 0.01562500 0.04296875
2 0.36221591 0.84179688 0.02130682 0.03515625
2 0.21271307 0.98502604 0.02201705 0.02734375
1 0.10973011 0.80143229 0.02485795 0.08723958
2 0.27947443 0.70052083 0.01775568 0.03645833
0 0.46271307 0.71549479 0.02343750 0.03776042
2 0.67720170 0.66015625 0.01633523 0.03645833
0 0.80539773 0.60546875 0.01704545 0.03125000
0 0.36434659 0.49283854 0.01562500 0.04557292
0 0.74928977 0.49739583 0.01420455 0.03385417
2 0.66335227 0.41796875 0.00994318 0.02343750
