2 0.02495078 0.13884020 0.04734035 0.11267253
1 0.31699670 0.94197424 0.01823655 0.09907500
0 0.30718206 0.58649717 0.02390088 0.05025804
1 0.34048196 0.88735473 0.01650518 0.06992491
1 0.35583208 0.90033658 0.01693496 0.06789319
0 0.30343991 0.58610781 0.01719702 0.05014817
1 0.34158250 0.89576948 0.01925258 0.08616598
0 0.52600921 0.86426405 0.01495977 0.03865568
0 0.21069318 0.85369205 0.02486496 0.06071838
0 0.49171441 0.46008786 0.01432267 0.04687945
1 0.45035934 0.61210847 0.02016856 0.04721912
0 0.45056891 0.61609052 0.01983716 0.03880862
0 0.41850688 0.98312481 0.01989347 0.03375038
2 0.38061842 0.02232289 0.01780722 0.04352722
1 0.17649673 0.75624800 0.02498487 0.09403658
0 0.17650563 0.75499666 0.02306817 0.09322953
1 0.72851452 0.36517968 0.01560900 0.03902845
0 0.52634595 0.87843315 0.01754310 0.06796392
1 0.52911251 0.88000615 0.02433205 0.06784725
1 0.62333012 0.72681518 0.02100511 0.05294951
0 0.62211221 0.72410289 0.02000657 0.05642859
0 0.42260671 0.98329286 0.02977670 0.03341428
