1 0.69594245 0.67787675 0.02756526 0.08097943
0 0.48237614 0.56545532 0.02281683 0.07818031
0 0.38335393 0.67172662 0.02978949 0.05414406
1 0.48268043 0.56425462 0.02383653 0.07936235
0 0.59389955 0.47030809 0.01831410 0.05639335
0 0.38390873 0.69003346 0.03138720 0.09292646
0 0.48205176 0.54827678 0.02176094 0.04460621
1 0.38397397 0.69194770 0.03040925 0.09699043
1 0.38362087 0.67465466 0.03023130 0.05907849
1 0.40167670 0.63997654 0.02798887 0.11628207
1 0.10916748 0.52008857 0.01581536 0.04924993
