1 0.33742937 0.51819084 0.02155907 0.14969925
1 0.42683003 0.63993891 0.02282593 0.14044126
1 0.49142300 0.61781661 0.01914952 0.09721947
1 0.45488505 0.64607630 0.01584131 0.12183138
0 0.67176947 0.74036427 0.02545014 0.07346304
1 0.80814284 0.66737554 0.01510620 0.09883153
0 0.31505732 0.83731461 0.03349343 0.14048354
1 0.53986404 0.81664554 0.01990904 0.08630244
1 0.80811947 0.65474061 0.01391784 0.07410073
0 0.86700834 0.74017660 0.01796523 0.04802561
1 0.87548091 0.66976722 0.01675814 0.09560919
1 0.17458741 0.90383077 0.05966137 0.10182031
1 0.86937575 0.91012883 0.03617633 0.09477949
1 0.18433568 0.75402943 0.01882775 0.09601116
0 0.88444510 0.71764386 0.02560269 0.06936987
1 0.24686747 0.50829623 0.01416091 0.06676988
0 0.81413416 0.70607499 0.02360760 0.04172921
0 0.84133829 0.70961237 0.01693613 0.09417518
0 0.87264997 0.91019261 0.02946333 0.09353185
0 0.81421700 0.71479030 0.02383986 0.05908116
1 0.84106007 0.71073780 0.01776773 0.09589573
0 0.67157823 0.72610005 0.02488024 0.04533402
1 0.24943877 0.50815699 0.02014301 0.06884722
1 0.40009291 0.63798022 0.01508115 0.08855041
1 0.87692759 0.65743256 0.01280394 0.07138936
0 0.46997773 0.66952688 0.02145672 0.04162316
1 0.84149101 0.69444396 0.01753824 0.06364834
0 0.84134011 0.69133921 0.01654686 0.05701073
0 0.44491235 0.39905339 0.01057469 0.04265662
1 0.81332822 0.70772533 0.02338028 0.05089275
1 0.88131740 0.67210299 0.02505233 0.09828381
0 0.56318487 0.65029313 0.01968661 0.02748382
0 0.88320880 0.70226936 0.02315157 0.03892732
0 0.43259965 0.39543140 0.01245945 0.02934384
1 0.54014418 0.79748901 0.01380348 0.04826991
0 0.55788467 0.67333619 0.03072760 0.07420429
