1 0.32178364 0.83273276 0.02151808 0.10617367
1 0.30640116 0.88242527 0.02209180 0.10999115
0 0.68651425 0.67866019 0.02281761 0.05497003
1 0.27377552 0.80278647 0.02077725 0.09625681
0 0.50828153 0.74066254 0.02606825 0.04596734
1 0.11381769 0.62091424 0.01261485 0.06271859
1 0.24233231 0.93626300 0.02787144 0.11759917
1 0.22161969 0.90411154 0.02480320 0.12266588
1 0.21259747 0.50925138 0.01123478 0.03221889
1 0.68408448 0.55071028 0.01628698 0.06401380
1 0.68487365 0.54994873 0.01153170 0.06084720
1 0.21270988 0.51476957 0.01257012 0.04395672
0 0.45910772 0.63714361 0.01629600 0.03710715
1 0.13632463 0.63708889 0.01285232 0.05252878
1 0.65791767 0.51033819 0.01478377 0.05867863
1 0.28954364 0.91115503 0.02633743 0.08637214
0 0.16087280 0.66807814 0.01609338 0.05459491
1 0.13541960 0.62843517 0.01260788 0.06893055
1 0.11173438 0.61580471 0.01019424 0.05470530
0 0.79732735 0.63157262 0.01581114 0.02670896
0 0.05653295 0.69438195 0.01664279 0.04496781
1 0.27091128 0.93582988 0.02574114 0.08158493
1 0.20083333 0.88726075 0.03202315 0.12723319
0 0.87230128 0.83011850 0.01882831 0.03818067
1 0.11637500 0.63602767 0.01419963 0.08686030
0 0.79568347 0.63947360 0.02051986 0.04194697
0 0.11794320 0.70771027 0.02515297 0.06215922
1 0.10012517 0.53929367 0.01132610 0.04785422
