1 0.13130977 0.80140289 0.02212834 0.06759421
0 0.23425319 0.83742090 0.02086678 0.06643701
0 0.60816995 0.78881900 0.02180403 0.07908424
0 0.30179489 0.63172865 0.01530164 0.04279415
1 0.35500539 0.65606695 0.01640853 0.05522811
0 0.13027759 0.78086217 0.01900107 0.02670050
0 0.13088560 0.80076738 0.02098186 0.06641730
0 0.78223948 0.76505136 0.01694489 0.05353880
0 0.27087553 0.67411137 0.01380164 0.03160016
1 0.60832318 0.79618414 0.02169392 0.09239403
1 0.27197448 0.67956249 0.01705317 0.04180129
1 0.23448105 0.83786213 0.01991927 0.06846436
1 0.39448060 0.73118762 0.02036949 0.06533011
0 0.23404481 0.82414822 0.01987592 0.03930910
0 0.94973529 0.68625748 0.01519775 0.03319430
0 0.18691865 0.53303119 0.01571707 0.03340848
0 0.39355228 0.71785522 0.01643705 0.03843927
1 0.13113757 0.78815361 0.01826926 0.04168312
1 0.30351512 0.92925751 0.02136211 0.08269159
0 0.49189232 0.57204584 0.01509567 0.04765471
1 0.30300402 0.91658616 0.01973228 0.05783510
0 0.78247413 0.77197174 0.01896832 0.06933188
