1 0.499097 0.068592 0.998195 0.137184
1 0.125451 0.190433 0.250903 0.312274
1 0.138087 0.398917 0.276173 0.090253
1 0.144404 0.490072 0.288809 0.092058
1 0.135379 0.591155 0.270758 0.102888
1 0.100181 0.798736 0.200361 0.330325
1 0.231949 0.791516 0.055957 0.265343
1 0.313177 0.399819 0.131769 0.077617
1 0.316787 0.497292 0.128159 0.088448
1 0.287004 0.176895 0.064982 0.314079
1 0.314079 0.592960 0.119134 0.099278
1 0.292419 0.830325 0.068592 0.288809
1 0.334838 0.186823 0.055957 0.276173
1 0.334838 0.808664 0.055957 0.270758
1 0.420578 0.177798 0.075812 0.312274
1 0.418773 0.836643 0.072202 0.294224
1 0.433213 0.492780 0.079422 0.097473
1 0.422383 0.725632 0.057762 0.104693
1 0.434116 0.398014 0.077617 0.074007
1 0.434116 0.599278 0.077617 0.093863
1 0.539711 0.497292 0.086643 0.088448
1 0.542419 0.603791 0.092058 0.099278
1 0.542419 0.397112 0.088448 0.086643
1 0.531588 0.187726 0.052347 0.281588
1 0.541516 0.730144 0.064982 0.117329
1 0.548736 0.826715 0.075812 0.267148
1 0.564079 0.173285 0.066787 0.299639
1 0.646209 0.496390 0.158845 0.093863
1 0.648917 0.597473 0.157040 0.097473
1 0.648014 0.399819 0.151625 0.077617
1 0.620036 0.798736 0.055957 0.265343
1 0.627256 0.191336 0.048736 0.263538
1 0.660650 0.824007 0.079422 0.279783
1 0.679603 0.176895 0.059567 0.299639
1 0.830325 0.488267 0.335740 0.088448
1 0.831227 0.394404 0.333935 0.092058
1 0.716607 0.785199 0.072202 0.256318
1 0.842960 0.582130 0.310469 0.081227
1 0.849278 0.191336 0.297834 0.292419
1 0.867329 0.773466 0.261733 0.341155
