0 0.55504261 0.89062500 0.02627841 0.08854167
1 0.76420455 0.79166667 0.02130682 0.10677083
1 0.64098011 0.84309896 0.02201705 0.11328125
2 0.68394886 0.87890625 0.02272727 0.06770833
2 0.80255682 0.69205729 0.01704545 0.05598958
0 0.59836648 0.82226562 0.02343750 0.04817708
0 0.11576705 0.76953125 0.01846591 0.03906250
0 0.81463068 0.61653646 0.01420455 0.04817708
1 0.83451705 0.65755208 0.01562500 0.07552083
0 0.75319602 0.64257812 0.01775568 0.03255208
0 0.47549716 0.59700521 0.01491477 0.04296875
0 0.72762784 0.72265625 0.01917614 0.03906250
