2 0.76207386 0.78059896 0.01420455 0.03515625
0 0.72336648 0.73567708 0.01917614 0.05729167
0 0.50248580 0.64713542 0.01633523 0.02864583
0 0.39950284 0.78971354 0.02059659 0.03255208
0 0.35937500 0.70572917 0.01704545 0.02864583
0 0.35582386 0.66406250 0.01704545 0.03906250
0 0.07350852 0.78841146 0.01633523 0.03255208
0 0.85440341 0.49544271 0.01278409 0.04036458
0 0.61683239 0.51041667 0.01207386 0.01822917
0 0.78338068 0.70377604 0.01562500 0.04557292
0 0.71555398 0.41666667 0.01207386 0.02343750
1 0.08309659 0.69921875 0.01420455 0.04166667
0 0.70774148 0.58398438 0.01633523 0.04557292
