2 0.87819602 0.79622396 0.03480114 0.08984375
1 0.12571023 0.87434896 0.02272727 0.06640625
1 0.39666193 0.48828125 0.01775568 0.07291667
2 0.76562500 0.72265625 0.01988636 0.04427083
1 0.10191761 0.58138021 0.02059659 0.07421875
0 0.73899148 0.49348958 0.02769886 0.08333333
0 0.78799716 0.61328125 0.02485795 0.04166667
2 0.78870739 0.44466146 0.01207386 0.02473958
0 0.50248580 0.23177083 0.01775568 0.05729167
1 0.56356534 0.30403646 0.01207386 0.04817708
1 0.06853693 0.75911458 0.02627841 0.09114583
2 0.47194602 0.47786458 0.01775568 0.02864583
0 0.83203125 0.22200521 0.01349432 0.03255208
1 0.13139205 0.49218750 0.02272727 0.09114583
0 0.47123580 0.40690104 0.02343750 0.06640625
