1 0.90305398 0.84765625 0.02485795 0.10677083
0 0.56178977 0.86588542 0.04261364 0.09114583
2 0.94744318 0.92773438 0.02414773 0.08203125
1 0.16938920 0.53841146 0.01633523 0.08203125
0 0.62073864 0.74283854 0.04119318 0.11067708
0 0.82954545 0.83463542 0.02982955 0.10156250
0 0.90873580 0.64453125 0.02627841 0.04166667
2 0.98934659 0.86588542 0.02130682 0.07552083
1 0.06960227 0.72005208 0.01846591 0.07552083
2 0.96484375 0.88085938 0.02059659 0.08203125
2 0.32031250 0.70507812 0.02272727 0.06380208
0 0.62428977 0.47460938 0.01846591 0.03255208
2 0.10973011 0.69075521 0.01917614 0.05078125
0 0.10404830 0.55013021 0.01633523 0.05598958
