1 0.35440341 0.78645833 0.02272727 0.14843750
1 0.37855114 0.77669271 0.02272727 0.12630208
1 0.32848011 0.79817708 0.02201705 0.10416667
1 0.57599432 0.64973958 0.01846591 0.10416667
0 0.38458807 0.86848958 0.02627841 0.06770833
0 0.29723011 0.88085938 0.02627841 0.06901042
0 0.01065341 0.82226562 0.02130682 0.07682292
2 0.29190341 0.80794271 0.01988636 0.07942708
0 0.23508523 0.67252604 0.02130682 0.05338542
2 0.62571023 0.67382812 0.01704545 0.05078125
2 0.30681818 0.49218750 0.01420455 0.05729167
0 0.33913352 0.50390625 0.01633523 0.04427083
0 0.64701705 0.65950521 0.01562500 0.04036458
1 0.31711648 0.87565104 0.02627841 0.12630208
1 0.40838068 0.80989583 0.02130682 0.12500000
0 0.26704545 0.82942708 0.02556818 0.09635417
2 0.34481534 0.88541667 0.02343750 0.08854167
2 0.55965909 0.64388021 0.01562500 0.06640625
0 0.62819602 0.60677083 0.01633523 0.05729167
2 0.60653409 0.62109375 0.01562500 0.05989583
2 0.31605114 0.76106771 0.01704545 0.05078125
0 0.58380682 0.50781250 0.01704545 0.04166667
0 0.27308239 0.46809896 0.01491477 0.03255208
