0 0.75568182 0.64322917 0.02272727 0.08072917
0 0.77840909 0.59570312 0.01988636 0.04817708
0 0.79509943 0.45963542 0.01207386 0.03125000
1 0.31853693 0.53841146 0.03480114 0.23567708
0 0.14524148 0.87044271 0.03196023 0.05598958
0 0.08274148 0.75651042 0.02059659 0.07031250
0 0.04936080 0.70312500 0.02059659 0.06770833
2 0.71590909 0.72330729 0.01846591 0.07161458
2 0.66903409 0.70117188 0.01704545 0.06901042
2 0.69673295 0.70833333 0.01846591 0.06250000
0 0.39026989 0.48697917 0.01917614 0.02604167
0 0.80539773 0.43098958 0.01136364 0.03645833
0 0.65731534 0.33333333 0.01207386 0.02083333
