1 0.26420455 0.74869792 0.01704545 0.08593750
2 0.23863636 0.79947917 0.01846591 0.07031250
0 0.31001420 0.79231771 0.02343750 0.04036458
2 0.63636364 0.71223958 0.01704545 0.03125000
0 0.88387784 0.67057292 0.01633523 0.02864583
1 0.67009943 0.71093750 0.01917614 0.09635417
1 0.42613636 0.54947917 0.01278409 0.05989583
2 0.20063920 0.75716146 0.01775568 0.03776042
0 0.80894886 0.58138021 0.01420455 0.03255208
2 0.29083807 0.54166667 0.01349432 0.03385417
2 0.04403409 0.66992188 0.01278409 0.02734375
