2 0.55752841 0.97721354 0.02840909 0.04296875
0 0.96413352 0.76822917 0.02059659 0.03906250
0 0.19708807 0.78971354 0.02201705 0.06640625
2 0.60759943 0.79752604 0.02343750 0.07421875
0 0.16512784 0.80859375 0.02343750 0.03906250
2 0.45170455 0.53841146 0.00994318 0.02213542
2 0.84339489 0.92643229 0.02201705 0.07942708
2 0.20809659 0.54947917 0.00994318 0.03385417
0 0.48153409 0.52083333 0.01278409 0.02343750
0 0.65589489 0.62434896 0.01633523 0.02213542
0 0.23757102 0.53190104 0.01207386 0.02213542
