0 0.28551136 0.68098958 0.02840909 0.08333333
0 0.48544034 0.57161458 0.02059659 0.06770833
2 0.37855114 0.80924479 0.02272727 0.08984375
1 0.51775568 0.60351562 0.01562500 0.07942708
0 0.45383523 0.46223958 0.01278409 0.04166667
2 0.62251420 0.60351562 0.01491477 0.03255208
0 0.13032670 0.72916667 0.01775568 0.02864583
0 0.04545455 0.69466146 0.01846591 0.05859375
0 0.81143466 0.43489583 0.01065341 0.02083333
0 0.73330966 0.41666667 0.00923295 0.02343750
2 0.66725852 0.61458333 0.01349432 0.03125000
