1 0.95241477 0.80989583 0.03267045 0.10937500
0 0.25887784 0.78125000 0.04048295 0.08072917
1 0.87144886 0.54231771 0.02698864 0.10026042
0 0.36079545 0.70572917 0.03551136 0.05989583
2 0.95809659 0.88411458 0.02414773 0.06510417
0 0.70490057 0.75651042 0.02485795 0.05208333
0 0.58806818 0.54231771 0.02130682 0.04036458
0 0.33380682 0.55338542 0.01988636 0.03645833
0 0.30930398 0.40559896 0.01491477 0.02473958
2 0.53444602 0.63085938 0.03338068 0.12109375
0 0.42045455 0.45052083 0.02982955 0.10416667
2 0.73579545 0.59049479 0.02840909 0.05859375
1 0.95809659 0.88476562 0.02414773 0.06901042
2 0.20241477 0.89127604 0.02130682 0.04296875
0 0.30859375 0.49739583 0.02059659 0.04166667
