2 0.72656250 0.83723958 0.01846591 0.06770833
2 0.68323864 0.97005208 0.02130682 0.05729167
2 0.70348011 0.96289062 0.02059659 0.06640625
2 0.69957386 0.83463542 0.01704545 0.07031250
1 0.69424716 0.90885417 0.01775568 0.08072917
0 0.27414773 0.83919271 0.02130682 0.06380208
0 0.67187500 0.87955729 0.02272727 0.06640625
0 0.63387784 0.95312500 0.02627841 0.06510417
2 0.57954545 0.98893229 0.01846591 0.01953125
2 0.61008523 0.97786458 0.02556818 0.04166667
0 0.67755682 0.74544271 0.02272727 0.06380208
0 0.79474432 0.69075521 0.01562500 0.06119792
0 0.48686080 0.68554688 0.01633523 0.04817708
0 0.50958807 0.70117188 0.01775568 0.05078125
0 0.75035511 0.84765625 0.02059659 0.04166667
2 0.80859375 0.70442708 0.01349432 0.04947917
2 0.63281250 0.99088542 0.01562500 0.01562500
0 0.26242898 0.78580729 0.01917614 0.05078125
2 0.58806818 0.86523438 0.01846591 0.03776042
0 0.24112216 0.81966146 0.02201705 0.07942708
1 0.84588068 0.62434896 0.01278409 0.06901042
2 0.74715909 0.88802083 0.01562500 0.05208333
0 0.20419034 0.65559896 0.01491477 0.05598958
2 0.28728693 0.76692708 0.01491477 0.02343750
0 0.85369318 0.66796875 0.01420455 0.01562500
0 0.86292614 0.63671875 0.01278409 0.02864583
1 0.34623580 0.77669271 0.01491477 0.07421875
2 0.31711648 0.82877604 0.02059659 0.06380208
0 0.28728693 0.80338542 0.01775568 0.05989583
2 0.81285511 0.64713542 0.01491477 0.03385417
2 0.86541193 0.68424479 0.01207386 0.02994792
0 0.86541193 0.56250000 0.01207386 0.02864583
0 0.35795455 0.77539062 0.01846591 0.04296875
0 0.18927557 0.74088542 0.01775568 0.04947917
