2 0.64950284 0.91796875 0.02485795 0.07812500
0 0.57386364 0.81119792 0.02272727 0.04427083
0 0.21377841 0.89322917 0.02130682 0.05989583
0 0.17009943 0.88281250 0.01633523 0.03645833
0 0.58096591 0.64453125 0.01562500 0.03906250
0 0.81782670 0.53320312 0.01633523 0.04296875
0 0.80859375 0.60546875 0.01633523 0.02864583
0 0.40944602 0.67838542 0.01349432 0.03125000
0 0.42791193 0.75781250 0.01775568 0.03125000
0 0.93146307 0.55013021 0.03053977 0.07421875
0 0.54296875 0.60091146 0.01349432 0.02473958
