0 0.51420455 0.78125000 0.01846591 0.04427083
0 0.58877841 0.68554688 0.01704545 0.05078125
0 0.34517045 0.65820312 0.01704545 0.04557292
0 0.12642045 0.56445312 0.00994318 0.04036458
0 0.41583807 0.45572917 0.00923295 0.01822917
0 0.18821023 0.73111979 0.01846591 0.04557292
1 0.65056818 0.81835938 0.01562500 0.07682292
2 0.39453125 0.78841146 0.01491477 0.05859375
2 0.66974432 0.76171875 0.01562500 0.05729167
2 0.39169034 0.89713542 0.01775568 0.03906250
2 0.52911932 0.57552083 0.01136364 0.03125000
2 0.40660511 0.60807292 0.01207386 0.04427083
2 0.49183239 0.66276042 0.01065341 0.03125000
2 0.47798295 0.66796875 0.01278409 0.05468750
2 0.65340909 0.60091146 0.01136364 0.03776042
