1 0.50994318 0.43815104 0.01420455 0.05078125
2 0.33629261 0.82226562 0.02201705 0.03776042
2 0.35546875 0.96419271 0.02769886 0.06901042
2 0.79687500 0.54687500 0.01846591 0.08072917
0 0.72123580 0.66341146 0.02911932 0.04557292
2 0.94957386 0.63281250 0.01988636 0.02864583
1 0.27308239 0.75065104 0.02343750 0.08984375
2 0.97088068 0.64518229 0.01988636 0.02473958
0 0.16832386 0.85351562 0.03693182 0.06901042
2 0.96732955 0.34895833 0.01136364 0.04687500
2 0.90980114 0.81380208 0.02130682 0.04427083
2 0.86044034 0.94986979 0.01917614 0.04296875
2 0.93323864 0.83919271 0.02698864 0.02994792
2 0.44069602 0.47265625 0.01207386 0.02083333
