1 0.46200284 0.67578125 0.06178977 0.07291667
1 0.04296875 0.70507812 0.04900568 0.07682292
0 0.96200284 0.78971354 0.03338068 0.08463542
2 0.04083807 0.85156250 0.02769886 0.09635417
1 0.34019886 0.43489583 0.02982955 0.06770833
2 0.24964489 0.79296875 0.02059659 0.09114583
0 0.48686080 0.86263021 0.03196023 0.05859375
2 0.38849432 0.59049479 0.01704545 0.07682292
0 0.77982955 0.21809896 0.01136364 0.02994792
0 0.18323864 0.35611979 0.01420455 0.02213542
2 0.66796875 0.65950521 0.01775568 0.04036458
