1 0.77698864 0.88736979 0.03125000 0.12630208
2 0.71058239 0.78385417 0.02343750 0.05989583
0 0.22194602 0.70052083 0.02485795 0.04947917
0 0.63458807 0.91080729 0.03480114 0.07421875
0 0.94850852 0.73567708 0.02485795 0.07552083
1 0.62286932 0.56640625 0.01846591 0.06770833
0 0.16974432 0.87890625 0.02414773 0.05729167
0 0.28586648 0.69401042 0.03053977 0.09114583
0 0.52379261 0.43424479 0.01775568 0.03255208
0 0.78444602 0.38802083 0.01207386 0.04166667
2 0.53764205 0.40950521 0.01278409 0.03776042
0 0.75745739 0.38020833 0.01207386 0.04166667
0 0.92436080 0.71549479 0.02059659 0.04557292
0 0.56782670 0.34700521 0.01207386 0.01953125
0 0.27556818 0.34179688 0.00994318 0.03255208
0 0.03906250 0.61783854 0.01420455 0.04557292
0 0.04403409 0.57682292 0.01420455 0.04687500
0 0.98011364 0.68619792 0.02698864 0.08854167
