0 0.64808239 0.61783854 0.02627841 0.07161458
2 0.78267045 0.90429688 0.03693182 0.11588542
0 0.12500000 0.74218750 0.03409091 0.06510417
2 0.09090909 0.93294271 0.03551136 0.10807292
1 0.55681818 0.58138021 0.02414773 0.12369792
0 0.11931818 0.68945312 0.02840909 0.05598958
0 0.12606534 0.94596354 0.04048295 0.10546875
1 0.06818182 0.81705729 0.03693182 0.13411458
2 0.88245739 0.93164062 0.03764205 0.08203125
0 0.09836648 0.86588542 0.03480114 0.09114583
2 0.08558239 0.80273438 0.02485795 0.06119792
0 0.05362216 0.72005208 0.02627841 0.07031250
