2 0.83593750 0.88997396 0.02982955 0.12369792
1 0.09978693 0.71809896 0.02343750 0.10026042
2 0.75674716 0.86588542 0.02627841 0.08593750
1 0.82954545 0.71419271 0.02130682 0.10026042
0 0.70738636 0.91536458 0.02840909 0.07291667
1 0.20525568 0.55598958 0.01704545 0.08593750
0 0.79936080 0.72135417 0.02627841 0.05208333
1 0.88778409 0.53059896 0.01704545 0.07942708
2 0.21768466 0.61718750 0.01917614 0.06770833
2 0.86363636 0.80598958 0.01988636 0.06250000
0 0.14985795 0.67447917 0.01988636 0.05729167
2 0.85404830 0.83072917 0.01917614 0.05729167
2 0.87251420 0.56119792 0.01775568 0.05208333
2 0.07031250 0.73307292 0.01988636 0.04687500
0 0.45383523 0.46419271 0.01704545 0.04817708
0 0.39595170 0.44401042 0.01775568 0.03645833
1 0.67400568 0.27539062 0.00994318 0.05598958
2 0.79900568 0.90169271 0.02698864 0.09244792
1 0.73473011 0.90950521 0.02201705 0.10546875
1 0.83948864 0.74088542 0.02130682 0.10416667
1 0.16548295 0.68229167 0.02130682 0.10156250
0 0.14026989 0.72330729 0.02485795 0.06380208
0 0.71590909 0.97656250 0.03125000 0.04427083
2 0.20561080 0.66861979 0.02059659 0.06640625
2 0.18288352 0.62304688 0.01917614 0.06640625
2 0.24573864 0.58203125 0.01846591 0.07031250
1 0.47372159 0.46354167 0.01420455 0.08072917
2 0.27130682 0.60156250 0.01846591 0.05989583
1 0.42009943 0.44270833 0.01349432 0.07812500
1 0.48757102 0.42513021 0.01349432 0.07421875
1 0.43252841 0.40429688 0.01278409 0.07682292
2 0.45561080 0.40104167 0.01349432 0.05208333
2 0.58061080 0.30664062 0.01065341 0.04036458
0 0.18465909 0.35416667 0.01420455 0.02864583
