1 0.73153409 0.74934896 0.02840909 0.13151042
2 0.74538352 0.81705729 0.03196023 0.10546875
2 0.85582386 0.94661458 0.03409091 0.09635417
1 0.23899148 0.69921875 0.02343750 0.11979167
2 0.27024148 0.71028646 0.02485795 0.09244792
2 0.85191761 0.63997396 0.02485795 0.08203125
1 0.83309659 0.59244792 0.01988636 0.08072917
0 0.54545455 0.43294271 0.02414773 0.06380208
0 0.26349432 0.58398438 0.02414773 0.06380208
1 0.79580966 0.71614583 0.02769886 0.12239583
0 0.20454545 0.68750000 0.02556818 0.07812500
1 0.15731534 0.40950521 0.01775568 0.10026042
1 0.20774148 0.53190104 0.01775568 0.09505208
0 0.17258523 0.59244792 0.02130682 0.06250000
2 0.90767045 0.72395833 0.02414773 0.05208333
0 0.29296875 0.67057292 0.02627841 0.04687500
