0 0.64240057 0.88867188 0.03196023 0.11588542
0 0.70205966 0.79231771 0.02911932 0.06119792
0 0.76207386 0.77083333 0.02982955 0.09375000
0 0.11328125 0.78841146 0.02911932 0.08463542
0 0.23544034 0.62760417 0.02201705 0.06770833
0 0.67684659 0.38606771 0.00994318 0.02734375
0 0.66157670 0.99023438 0.03338068 0.01953125
0 0.46448864 0.45182292 0.01562500 0.04427083
1 0.48579545 0.44596354 0.01562500 0.07161458
1 0.18323864 0.72851562 0.02556818 0.12630208
1 0.71235795 0.88671875 0.03125000 0.14062500
1 0.86257102 0.56835938 0.01633523 0.08463542
