1 0.35298295 0.78385417 0.02414773 0.11718750
2 0.66157670 0.90364583 0.02485795 0.08854167
2 0.63849432 0.86523438 0.02272727 0.08203125
2 0.58522727 0.86458333 0.02130682 0.08072917
2 0.68821023 0.82161458 0.01988636 0.05989583
2 0.63884943 0.80598958 0.01491477 0.04687500
0 0.55681818 0.49544271 0.01278409 0.02734375
1 0.11683239 0.83984375 0.02485795 0.10416667
2 0.69105114 0.87109375 0.02272727 0.08333333
2 0.71164773 0.91406250 0.02556818 0.06510417
2 0.66725852 0.83072917 0.02059659 0.06770833
0 0.23046875 0.77539062 0.02627841 0.05078125
0 0.15767045 0.93098958 0.02130682 0.04947917
2 0.62571023 0.80533854 0.01846591 0.04557292
