0 0.65127841 0.52994792 0.01988636 0.06250000
0 0.49644886 0.68229167 0.02130682 0.05468750
2 0.46519886 0.71940104 0.01704545 0.05859375
0 0.22975852 0.81966146 0.02343750 0.03515625
2 0.64133523 0.74088542 0.01704545 0.04166667
2 0.07279830 0.81184896 0.01491477 0.03255208
0 0.30965909 0.53645833 0.01562500 0.02604167
0 0.55149148 0.39713542 0.01207386 0.02604167
0 0.35617898 0.67513021 0.02059659 0.05598958
2 0.61683239 0.77864583 0.01633523 0.04427083
0 0.15944602 0.64388021 0.01917614 0.03255208
0 0.62961648 0.46223958 0.01491477 0.02083333
0 0.44779830 0.43684896 0.01207386 0.01953125
