1 0.43643466 0.65364583 0.01633523 0.04687500
1 0.38600852 0.64583333 0.01917614 0.04947917
2 0.03053977 0.73893229 0.01846591 0.04036458
0 0.61825284 0.70898438 0.02343750 0.08463542
0 0.20987216 0.81380208 0.02343750 0.04687500
0 0.43572443 0.42578125 0.01207386 0.03125000
0 0.53657670 0.56184896 0.01633523 0.02734375
1 0.32670455 0.42903646 0.01420455 0.05338542
2 0.48934659 0.46744792 0.00994318 0.02343750
0 0.47230114 0.38997396 0.00994318 0.02734375
1 0.58629261 0.63020833 0.01775568 0.05208333
0 0.31107955 0.41080729 0.01278409 0.01953125
