2 0.64843750 0.95963542 0.02272727 0.07812500
0 0.60049716 0.94726562 0.02485795 0.05859375
0 0.67436080 0.89192708 0.02201705 0.06250000
2 0.54438920 0.97070312 0.02059659 0.05598958
1 0.53622159 0.74934896 0.01704545 0.06380208
2 0.25390625 0.85221354 0.01491477 0.03776042
1 0.26455966 0.76888021 0.02059659 0.10807292
2 0.68821023 0.86197917 0.01846591 0.07031250
2 0.66406250 0.81054688 0.01846591 0.06640625
1 0.24964489 0.80143229 0.01491477 0.07421875
1 0.63458807 0.79947917 0.01491477 0.06770833
0 0.23544034 0.68619792 0.01349432 0.05989583
0 0.28728693 0.75846354 0.01633523 0.04817708
0 0.82599432 0.58203125 0.01420455 0.03906250
0 0.58167614 0.53385417 0.01420455 0.03645833
1 0.69957386 0.62239583 0.01136364 0.04427083
