0 0.07705966 0.95703125 0.02911932 0.08072917
0 0.26313920 0.88020833 0.02911932 0.06250000
2 0.71910511 0.89192708 0.02343750 0.07031250
2 0.94353693 0.84049479 0.02343750 0.06901042
0 0.38920455 0.71549479 0.02556818 0.05338542
2 0.81889205 0.84960938 0.02272727 0.04817708
0 0.13813920 0.56184896 0.01775568 0.04296875
2 0.55326705 0.54622396 0.01420455 0.03255208
1 0.31427557 0.87044271 0.02485795 0.04036458
0 0.28231534 0.54427083 0.01775568 0.03645833
0 0.62251420 0.37760417 0.01207386 0.02343750
2 0.54012784 0.32096354 0.00781250 0.01432292
