1 0.51455966 0.71809896 0.01775568 0.06640625
1 0.62926136 0.76236979 0.02130682 0.08984375
2 0.81889205 0.76562500 0.01846591 0.07031250
2 0.86363636 0.79882812 0.02272727 0.07942708
2 0.84055398 0.79427083 0.02201705 0.08072917
2 0.89914773 0.78125000 0.02130682 0.04687500
2 0.79225852 0.74739583 0.01775568 0.05208333
0 0.88281250 0.87955729 0.03409091 0.05078125
1 0.25000000 0.71158854 0.01278409 0.05598958
2 0.90269886 0.65234375 0.03125000 0.06770833
2 0.84517045 0.74869792 0.01704545 0.02604167
2 0.37890625 0.61914062 0.01349432 0.04036458
1 0.14950284 0.59960938 0.01349432 0.03515625
0 0.27663352 0.58658854 0.01207386 0.04296875
