2 0.06143466 0.94531250 0.03764205 0.08333333
0 0.19566761 0.78059896 0.03480114 0.05598958
1 0.55788352 0.34700521 0.01633523 0.07942708
2 0.93892045 0.74544271 0.02556818 0.04557292
2 0.57812500 0.37434896 0.01562500 0.05859375
2 0.66725852 0.45247396 0.01633523 0.04036458
1 0.39417614 0.79427083 0.03835227 0.12760417
1 0.12180398 0.56705729 0.02911932 0.09244792
1 0.26491477 0.48177083 0.02840909 0.08333333
1 0.24822443 0.74283854 0.03053977 0.06640625
0 0.29829545 0.46744792 0.02414773 0.04427083
2 0.57812500 0.36002604 0.01562500 0.02994792
