2 0.19815341 0.93880208 0.02556818 0.06510417
0 0.35085227 0.68164062 0.01988636 0.05338542
0 0.53480114 0.51757812 0.01704545 0.05078125
2 0.39737216 0.61979167 0.01349432 0.04166667
1 0.98117898 0.69335938 0.01349432 0.04296875
0 0.31853693 0.47330729 0.01349432 0.02213542
0 0.71590909 0.79036458 0.02130682 0.06510417
0 0.60901989 0.97135417 0.02627841 0.04687500
0 0.15660511 0.96158854 0.02201705 0.05078125
0 0.55539773 0.69401042 0.02130682 0.04166667
1 0.69105114 0.49348958 0.01278409 0.05468750
0 0.40980114 0.44596354 0.01420455 0.02734375
