1 0.34197443 0.66536458 0.02911932 0.08072917
0 0.88103693 0.76757812 0.03196023 0.06119792
0 0.74360795 0.97851562 0.03409091 0.04036458
1 0.40163352 0.65169271 0.02769886 0.09505208
0 0.97833807 0.88997396 0.03338068 0.09244792
2 0.60404830 0.90950521 0.03906250 0.11328125
2 0.70490057 0.68098958 0.02343750 0.05208333
2 0.73437500 0.37760417 0.01420455 0.03125000
0 0.90589489 0.41731771 0.02059659 0.05338542
2 0.79119318 0.31835938 0.01136364 0.04817708
2 0.69637784 0.45768229 0.01349432 0.02734375
0 0.46129261 0.84309896 0.01775568 0.04557292
0 0.56463068 0.25325521 0.01136364 0.02473958
1 0.26420455 0.68098958 0.01846591 0.05729167
1 0.53622159 0.80208333 0.04119318 0.11197917
