2 0.71484375 0.87369792 0.02769886 0.07812500
2 0.62251420 0.90690104 0.02485795 0.07942708
2 0.73117898 0.74609375 0.02201705 0.06510417
0 0.05433239 0.77083333 0.02343750 0.05989583
2 0.92826705 0.65234375 0.01846591 0.05208333
0 0.09161932 0.71419271 0.01988636 0.04557292
1 0.34765625 0.37955729 0.01491477 0.06119792
0 0.25390625 0.34895833 0.01917614 0.03125000
0 0.64133523 0.22981771 0.01704545 0.02213542
0 0.61470170 0.11002604 0.01207386 0.03255208
0 0.62642045 0.09309896 0.00852273 0.03515625
1 0.04545455 0.70182292 0.02556818 0.07552083
0 0.58238636 0.96289062 0.02840909 0.05078125
0 0.02840909 0.72070312 0.02414773 0.05859375
0 0.30681818 0.96289062 0.02414773 0.05338542
0 0.07670455 0.69661458 0.02130682 0.05729167
2 0.63316761 0.97591146 0.02485795 0.04557292
0 0.90056818 0.40950521 0.02130682 0.05078125
0 0.44140625 0.75065104 0.01917614 0.05598958
0 0.53799716 0.46679688 0.02201705 0.03776042
1 0.42294034 0.38997396 0.01491477 0.05078125
0 0.92720170 0.36393229 0.01633523 0.04296875
2 0.36860795 0.57356771 0.01704545 0.04036458
0 0.45276989 0.19466146 0.01491477 0.04036458
0 0.15021307 0.44010417 0.01775568 0.03125000
2 0.84339489 0.40494792 0.01491477 0.03385417
0 0.69708807 0.33658854 0.01775568 0.02734375
2 0.45774148 0.13411458 0.01207386 0.03906250
