2 0.76704545 0.83854167 0.02840909 0.07812500
0 0.70525568 0.89518229 0.02982955 0.05078125
2 0.01207386 0.75000000 0.02414773 0.05729167
0 0.91157670 0.65169271 0.02343750 0.05338542
2 0.90589489 0.60286458 0.02059659 0.06250000
0 0.92933239 0.56901042 0.02059659 0.05729167
2 0.73970170 0.98046875 0.02485795 0.03645833
0 0.18607955 0.44010417 0.01846591 0.04947917
0 0.56143466 0.40299479 0.01633523 0.05078125
2 0.76278409 0.98111979 0.02414773 0.03515625
0 0.53657670 0.40104167 0.01633523 0.04947917
1 0.51526989 0.38216146 0.01207386 0.06380208
0 0.28089489 0.59049479 0.02201705 0.03515625
1 0.52521307 0.37890625 0.01065341 0.06510417
2 0.99183239 0.46940104 0.01349432 0.04557292
0 0.47656250 0.41666667 0.01278409 0.03906250
0 0.54154830 0.35872396 0.01349432 0.03776042
2 0.50106534 0.35546875 0.01207386 0.03385417
0 0.70667614 0.29231771 0.01278409 0.02994792
2 0.80823864 0.91861979 0.03125000 0.08203125
2 0.73899148 0.82291667 0.02769886 0.08072917
0 0.84375000 0.71028646 0.02698864 0.07421875
0 0.32244318 0.77539062 0.02982955 0.06380208
2 0.77556818 0.96484375 0.02272727 0.06510417
0 0.50355114 0.44726562 0.02130682 0.05078125
0 0.18892045 0.63346354 0.02272727 0.04557292
2 0.20632102 0.48893229 0.01633523 0.05338542
0 0.72975852 0.46614583 0.02059659 0.03906250
2 0.16867898 0.50911458 0.01633523 0.04687500
0 0.17471591 0.46093750 0.01562500 0.04166667
0 0.73082386 0.32031250 0.01420455 0.03645833
0 0.97443182 0.45117188 0.01278409 0.03776042
2 0.47656250 0.41536458 0.01278409 0.03645833
0 0.35369318 0.25455729 0.01420455 0.02213542
