1 0.90625000 0.91927083 0.02698864 0.11979167
1 0.94531250 0.92187500 0.02698864 0.11979167
1 0.19105114 0.73828125 0.02272727 0.09114583
2 0.97691761 0.85156250 0.02343750 0.07812500
2 0.41619318 0.87044271 0.02556818 0.06380208
1 0.54438920 0.56770833 0.01491477 0.08593750
2 0.65909091 0.64192708 0.01704545 0.05208333
0 0.92720170 0.74479167 0.02343750 0.03645833
1 0.39062500 0.56054688 0.01420455 0.05859375
0 0.52734375 0.56705729 0.01491477 0.04296875
0 0.21768466 0.76757812 0.03053977 0.08203125
2 0.51491477 0.89713542 0.02698864 0.07552083
0 0.70703125 0.61848958 0.02485795 0.04687500
1 0.17329545 0.58593750 0.01278409 0.05468750
0 0.83061080 0.54492188 0.01917614 0.03515625
2 0.51491477 0.69335938 0.01846591 0.03515625
2 0.52059659 0.47330729 0.01278409 0.02994792
