2 0.62713068 0.86783854 0.03551136 0.08984375
2 0.34446023 0.58398438 0.02272727 0.06901042
2 0.11221591 0.59700521 0.01846591 0.05078125
0 0.71093750 0.86263021 0.04687500 0.12369792
0 0.36470170 0.63671875 0.03196023 0.06250000
0 0.93288352 0.62500000 0.02627841 0.04427083
0 0.64843750 0.45833333 0.02414773 0.03125000
0 0.98401989 0.95507812 0.03196023 0.07161458
0 0.15021307 0.42122396 0.02201705 0.04557292
0 0.50639205 0.53515625 0.02840909 0.04687500
0 0.82457386 0.58333333 0.02698864 0.04166667
