2 0.33061080 0.90364583 0.02911932 0.07812500
0 0.38742898 0.59635417 0.02343750 0.07291667
0 0.59765625 0.70182292 0.02485795 0.05468750
0 0.46519886 0.61002604 0.02982955 0.04557292
0 0.33735795 0.70703125 0.02840909 0.05468750
0 0.19779830 0.71354167 0.02343750 0.04166667
0 0.51988636 0.69270833 0.01846591 0.05729167
0 0.74964489 0.42903646 0.02911932 0.08984375
2 0.63103693 0.75716146 0.01775568 0.04557292
0 0.48330966 0.47591146 0.01917614 0.03515625
2 0.88884943 0.80208333 0.02201705 0.07812500
1 0.07244318 0.76562500 0.01988636 0.07031250
