1 0.40127841 0.85807292 0.01704545 0.06770833
2 0.86754261 0.92122396 0.01917614 0.05859375
1 0.39311080 0.60742188 0.01207386 0.06380208
2 0.38281250 0.64062500 0.01278409 0.04166667
2 0.47230114 0.86653646 0.01846591 0.06380208
2 0.40767045 0.64062500 0.01278409 0.04687500
0 0.84552557 0.89908854 0.02201705 0.07161458
2 0.65980114 0.70377604 0.01420455 0.03255208
0 0.36718750 0.63541667 0.01420455 0.04687500
0 0.69992898 0.70182292 0.01775568 0.02864583
0 0.20028409 0.70052083 0.01278409 0.02864583
2 0.73259943 0.74739583 0.01491477 0.05468750
