2 0.31711648 0.94726562 0.02627841 0.05859375
2 0.54367898 0.94856771 0.02769886 0.10026042
2 0.69957386 0.60872396 0.01846591 0.06901042
0 0.55504261 0.59049479 0.02059659 0.07161458
0 0.78941761 0.70703125 0.02343750 0.05729167
0 0.18927557 0.73437500 0.02201705 0.05729167
0 0.45987216 0.80664062 0.02911932 0.08723958
2 0.09161932 0.71484375 0.02272727 0.05208333
0 0.24076705 0.92773438 0.04261364 0.10546875
0 0.42933239 0.51562500 0.01775568 0.03385417
0 0.01740057 0.75065104 0.01917614 0.04817708
2 0.84943182 0.48893229 0.01136364 0.02473958
0 0.43572443 0.39908854 0.01349432 0.02734375
2 0.90376420 0.56835938 0.02059659 0.03776042
0 0.34303977 0.65169271 0.02130682 0.03776042
0 0.32031250 0.42903646 0.01562500 0.02734375
