1 0.58913352 0.78450521 0.01775568 0.08463542
2 0.91867898 0.76302083 0.01349432 0.03125000
0 0.67720170 0.76627604 0.02059659 0.05338542
2 0.65838068 0.71158854 0.01704545 0.06640625
0 0.21555398 0.97395833 0.02201705 0.04947917
0 0.31036932 0.89192708 0.02272727 0.05729167
1 0.63813920 0.66145833 0.01491477 0.07031250
0 0.35901989 0.88541667 0.02769886 0.08333333
0 0.95951705 0.79427083 0.01846591 0.06250000
0 0.67436080 0.43554688 0.01065341 0.01692708
0 0.96732955 0.59765625 0.01136364 0.03125000
0 0.53977273 0.36132812 0.01136364 0.01953125
2 0.90944602 0.89973958 0.01775568 0.04166667
0 0.48011364 0.34960938 0.00994318 0.01692708
0 0.28231534 0.81575521 0.02343750 0.04036458
