2 0.27840909 0.91992188 0.02698864 0.10026042
0 0.33487216 0.97591146 0.02911932 0.04557292
2 0.25319602 0.97005208 0.02627841 0.05729167
1 0.81818182 0.86718750 0.02698864 0.10156250
0 0.54829545 0.65559896 0.02414773 0.06119792
1 0.36860795 0.93359375 0.02272727 0.13020833
0 0.40447443 0.53906250 0.01775568 0.05468750
1 0.60653409 0.55729167 0.01704545 0.07552083
2 0.66406250 0.67578125 0.01420455 0.03645833
1 0.31285511 0.90299479 0.01917614 0.12630208
0 0.32812500 0.86718750 0.02414773 0.08072917
