2 0.13742898 0.69466146 0.01917614 0.07161458
1 0.38849432 0.52083333 0.01562500 0.04687500
2 0.85973011 0.94856771 0.03906250 0.08463542
2 0.36718750 0.70377604 0.01846591 0.05078125
0 0.68465909 0.79882812 0.02272727 0.07161458
2 0.50603693 0.66992188 0.01917614 0.05078125
0 0.62571023 0.55468750 0.02982955 0.05729167
0 0.21093750 0.59244792 0.01846591 0.05468750
0 0.12500000 0.79231771 0.02982955 0.09505208
0 0.24183239 0.39388021 0.02201705 0.06380208
2 0.67933239 0.47786458 0.01491477 0.03645833
2 0.15980114 0.43815104 0.01988636 0.07421875
