2 0.62713068 0.89518229 0.02698864 0.10546875
2 0.66299716 0.81054688 0.02627841 0.09765625
2 0.73686080 0.76822917 0.02769886 0.09375000
0 0.82599432 0.59700521 0.02414773 0.07161458
0 0.68465909 0.75455729 0.02556818 0.07682292
0 0.34730114 0.54166667 0.02556818 0.06510417
1 0.45348011 0.54427083 0.02627841 0.12239583
2 0.65838068 0.91406250 0.02982955 0.10677083
0 0.60901989 0.44986979 0.02059659 0.03515625
1 0.65092330 0.60481771 0.01491477 0.05598958
0 0.48828125 0.32617188 0.02059659 0.02994792
0 0.50887784 0.49674479 0.01349432 0.03255208
0 0.44673295 0.76953125 0.01704545 0.07812500
0 0.74183239 0.39648438 0.01349432 0.02213542
0 0.56889205 0.33268229 0.01704545 0.02734375
0 0.02272727 0.91080729 0.03693182 0.08203125
2 0.76846591 0.50846354 0.02272727 0.07682292
