2 0.48579545 0.85286458 0.02414773 0.05208333
2 0.24680398 0.66536458 0.01633523 0.05989583
2 0.09517045 0.84309896 0.01562500 0.03776042
1 0.18004261 0.66992188 0.01349432 0.04036458
0 0.64630682 0.48177083 0.01278409 0.03125000
0 0.29438920 0.96223958 0.03338068 0.07291667
1 0.43394886 0.80078125 0.01846591 0.09375000
0 0.35830966 0.52148438 0.01917614 0.05598958
1 0.57173295 0.65429688 0.01420455 0.07421875
2 0.21875000 0.65755208 0.01562500 0.06510417
2 0.36896307 0.61588542 0.01633523 0.05468750
