0 0.49183239 0.81184896 0.02485795 0.05078125
0 0.76207386 0.92708333 0.02414773 0.04687500
0 0.87215909 0.70247396 0.01988636 0.05598958
0 0.52698864 0.50390625 0.01278409 0.04166667
0 0.77024148 0.47330729 0.01207386 0.02473958
2 0.84623580 0.82031250 0.01917614 0.07031250
1 0.59694602 0.65039062 0.01349432 0.07682292
2 0.77414773 0.91080729 0.01704545 0.05078125
0 0.57173295 0.60611979 0.01846591 0.03776042
2 0.81818182 0.64583333 0.01136364 0.04427083
0 0.79936080 0.41927083 0.01207386 0.03645833
0 0.62144886 0.42057292 0.01278409 0.02343750
