2 0.49893466 0.74739583 0.01917614 0.05208333
2 0.01491477 0.69401042 0.01704545 0.05468750
2 0.90696023 0.90039062 0.02130682 0.04557292
0 0.79829545 0.67057292 0.01846591 0.04427083
0 0.64843750 0.65039062 0.01846591 0.03515625
0 0.28267045 0.64778646 0.01988636 0.04557292
0 0.32031250 0.63346354 0.01704545 0.02734375
0 0.99289773 0.67122396 0.01420455 0.02734375
0 0.02379261 0.97916667 0.02059659 0.03906250
0 0.77876420 0.49934896 0.01349432 0.02473958
0 0.92897727 0.50781250 0.01136364 0.02083333
0 0.40909091 0.36653646 0.00994318 0.01692708
0 0.14950284 0.35611979 0.00923295 0.01692708
