0 0.62109375 0.87760417 0.02627841 0.07552083
2 0.64382102 0.93164062 0.02201705 0.07942708
0 0.70312500 0.75455729 0.02130682 0.06640625
0 0.33203125 0.72591146 0.02201705 0.06380208
2 0.74538352 0.77018229 0.01775568 0.06901042
0 0.41228693 0.82747396 0.02343750 0.04296875
0 0.18927557 0.80794271 0.01917614 0.04036458
0 0.68110795 0.60546875 0.01704545 0.02864583
1 0.67116477 0.83658854 0.02130682 0.11067708
1 0.29616477 0.78385417 0.02272727 0.08333333
1 0.75958807 0.70442708 0.01633523 0.08854167
0 0.78480114 0.73437500 0.01988636 0.06250000
2 0.73011364 0.78776042 0.01846591 0.05729167
2 0.26136364 0.73372396 0.01846591 0.05598958
0 0.05859375 0.91406250 0.01775568 0.03645833
0 0.23757102 0.58789062 0.01349432 0.03776042
2 0.86683239 0.57096354 0.01207386 0.04296875
0 0.21058239 0.55859375 0.01065341 0.03385417
0 0.21803977 0.60351562 0.00994318 0.02994792
0 0.80859375 0.48177083 0.01207386 0.02083333
