2 0.25035511 0.93098958 0.03053977 0.09895833
2 0.39275568 0.68098958 0.01988636 0.07031250
1 0.42116477 0.74218750 0.07670455 0.11718750
0 0.14701705 0.71158854 0.03977273 0.10026042
0 0.71555398 0.60221354 0.04900568 0.10026042
0 0.20738636 0.95638021 0.03267045 0.08463542
0 0.19176136 0.97981771 0.02982955 0.03776042
2 0.97549716 0.53841146 0.01065341 0.04296875
2 0.98188920 0.55273438 0.01207386 0.04036458
0 0.41370739 0.64843750 0.01917614 0.05989583
0 0.37464489 0.64388021 0.01917614 0.06380208
0 0.44815341 0.47330729 0.01278409 0.03776042
0 0.49360795 0.47460938 0.01704545 0.05338542
0 0.35440341 0.69661458 0.02272727 0.07291667
