0 0.46235795 0.82877604 0.02840909 0.04817708
1 0.77414773 0.65885417 0.01562500 0.08593750
0 0.22336648 0.80794271 0.02485795 0.04557292
2 0.82421875 0.64973958 0.01633523 0.06510417
0 0.81250000 0.51627604 0.01562500 0.05078125
1 0.54687500 0.50520833 0.01136364 0.05468750
0 0.74396307 0.62630208 0.01775568 0.03385417
0 0.80788352 0.64127604 0.01633523 0.02473958
1 0.52308239 0.92187500 0.02201705 0.13281250
0 0.53977273 0.80013021 0.02698864 0.08463542
2 0.54048295 0.90429688 0.02130682 0.09244792
2 0.56889205 0.86718750 0.02130682 0.08854167
0 0.25568182 0.73111979 0.01846591 0.07942708
1 0.78657670 0.61653646 0.01491477 0.07421875
2 0.80610795 0.67708333 0.01704545 0.05989583
0 0.34694602 0.55273438 0.01917614 0.02994792
2 0.83416193 0.65234375 0.01207386 0.03645833
