1 0.75816761 0.52994792 0.01207386 0.06770833
1 0.61079545 0.80338542 0.01278409 0.05729167
1 0.32386364 0.57552083 0.01846591 0.09114583
1 0.62109375 0.81250000 0.01349432 0.05729167
1 0.63174716 0.79947917 0.01349432 0.07031250
1 0.94815341 0.70638021 0.01562500 0.04557292
0 0.88813920 0.84179688 0.02485795 0.04817708
1 0.61079545 0.46549479 0.01278409 0.05078125
2 0.13458807 0.95052083 0.03196023 0.08333333
2 0.22904830 0.93164062 0.02769886 0.07942708
0 0.30326705 0.35611979 0.01136364 0.01692708
0 0.49751420 0.27799479 0.01065341 0.01692708
0 0.69211648 0.50976562 0.01349432 0.02213542
