0 0.60546875 0.94986979 0.02201705 0.07942708
2 0.62428977 0.95833333 0.01988636 0.07812500
1 0.77556818 0.71940104 0.01846591 0.08463542
1 0.64914773 0.86002604 0.01704545 0.08723958
2 0.67009943 0.89713542 0.01775568 0.06250000
0 0.72549716 0.71484375 0.01633523 0.07031250
2 0.72549716 0.87434896 0.01633523 0.06640625
1 0.75390625 0.69986979 0.01349432 0.07682292
0 0.78373580 0.66210938 0.01349432 0.04296875
2 0.74360795 0.65625000 0.01278409 0.04166667
1 0.15411932 0.52929688 0.00994318 0.04296875
2 0.78444602 0.58203125 0.01065341 0.03645833
2 0.66832386 0.95963542 0.01988636 0.07552083
0 0.71626420 0.91210938 0.02201705 0.06119792
2 0.70205966 0.84765625 0.01775568 0.06770833
1 0.77237216 0.57486979 0.01207386 0.06119792
2 0.79403409 0.60156250 0.01136364 0.03645833
