1 0.66086648 0.86653646 0.01917614 0.08984375
1 0.77095170 0.72005208 0.01775568 0.07812500
1 0.19247159 0.66276042 0.01420455 0.05989583
2 0.72017045 0.90234375 0.02130682 0.06510417
2 0.69779830 0.87109375 0.02059659 0.06510417
2 0.68217330 0.92057292 0.02201705 0.07291667
1 0.82883523 0.55533854 0.01136364 0.04557292
2 0.62535511 0.91861979 0.01917614 0.06380208
2 0.48046875 0.57226562 0.01207386 0.05078125
1 0.53657670 0.56380208 0.01065341 0.04947917
1 0.25000000 0.77929688 0.01846591 0.08203125
2 0.51349432 0.58463542 0.01136364 0.04687500
0 0.54936080 0.97330729 0.02627841 0.05078125
0 0.76953125 0.85872396 0.01917614 0.06119792
0 0.49751420 0.52994792 0.01349432 0.04947917
1 0.15411932 0.61458333 0.01136364 0.04947917
0 0.78160511 0.67578125 0.01491477 0.05208333
1 0.87428977 0.72786458 0.01562500 0.05989583
0 0.85830966 0.52734375 0.01207386 0.04427083
0 0.30220170 0.76171875 0.02201705 0.05989583
1 0.44247159 0.49479167 0.00994318 0.05208333
0 0.23792614 0.67382812 0.01988636 0.05338542
2 0.16370739 0.65104167 0.01491477 0.04427083
0 0.16051136 0.55729167 0.01278409 0.05468750
