1 0.34694602 0.62955729 0.01917614 0.08203125
0 0.40376420 0.60546875 0.02343750 0.06250000
0 0.53089489 0.66927083 0.02059659 0.07031250
0 0.25355114 0.65950521 0.02272727 0.06380208
1 0.72904830 0.68619792 0.01633523 0.08593750
2 0.71519886 0.67317708 0.01846591 0.06770833
2 0.36647727 0.60286458 0.01562500 0.05989583
1 0.43252841 0.66145833 0.01278409 0.07031250
2 0.32883523 0.69075521 0.01704545 0.04817708
0 0.29794034 0.54231771 0.02059659 0.03515625
2 0.64453125 0.69466146 0.01633523 0.04036458
2 0.56072443 0.55533854 0.01349432 0.04557292
2 0.22443182 0.70768229 0.01704545 0.03255208
2 0.54580966 0.42838542 0.01065341 0.03125000
0 0.62677557 0.41210938 0.01491477 0.01692708
2 0.93217330 0.84375000 0.02343750 0.07291667
2 0.90482955 0.71158854 0.01846591 0.05859375
2 0.54403409 0.64127604 0.01562500 0.06380208
0 0.04261364 0.79622396 0.01988636 0.03776042
2 0.20880682 0.84765625 0.01704545 0.03645833
