2 0.35191761 0.89127604 0.03480114 0.09244792
2 0.49680398 0.61067708 0.02485795 0.09375000
0 0.40269886 0.36914062 0.02272727 0.08463542
2 0.65376420 0.53710938 0.02343750 0.05598958
0 0.50816761 0.38606771 0.02627841 0.04036458
0 0.45063920 0.27604167 0.01775568 0.05208333
0 0.56534091 0.38216146 0.01562500 0.04036458
0 0.28480114 0.91861979 0.03693182 0.06901042
0 0.89914773 0.87565104 0.02840909 0.07421875
0 0.86896307 0.79947917 0.02627841 0.07812500
2 0.84268466 0.90364583 0.02201705 0.08854167
0 0.20205966 0.60286458 0.03622159 0.05468750
2 0.62144886 0.86002604 0.02840909 0.06640625
1 0.26988636 0.67447917 0.01846591 0.09375000
0 0.40696023 0.43294271 0.02982955 0.05598958
0 0.09907670 0.58463542 0.02911932 0.05729167
0 0.51562500 0.62695312 0.02272727 0.06119792
0 0.24112216 0.68033854 0.02485795 0.05078125
2 0.48615057 0.86588542 0.02343750 0.05208333
0 0.67897727 0.70572917 0.02272727 0.04947917
0 0.83735795 0.63802083 0.02130682 0.04947917
0 0.76882102 0.24739583 0.01633523 0.04166667
