1 0.16015625 0.83593750 0.01633523 0.09114583
1 0.18394886 0.87630208 0.02130682 0.10416667
1 0.62251420 0.80143229 0.01917614 0.09765625
2 0.14382102 0.87044271 0.01775568 0.06119792
2 0.20525568 0.87369792 0.01704545 0.05208333
1 0.19673295 0.82421875 0.01704545 0.08593750
1 0.13032670 0.87174479 0.01775568 0.07161458
0 0.61754261 0.89518229 0.02201705 0.04557292
2 0.31463068 0.92187500 0.01704545 0.02343750
2 0.25248580 0.76171875 0.01349432 0.03645833
2 0.72833807 0.91731771 0.01491477 0.05338542
1 0.17294034 0.82096354 0.01349432 0.07421875
