1 0.87855114 0.91276042 0.03835227 0.17187500
0 0.45205966 0.88020833 0.03764205 0.07031250
0 0.24751420 0.86197917 0.03480114 0.07291667
1 0.48792614 0.91601562 0.02982955 0.07942708
2 0.49786932 0.38932292 0.01846591 0.05989583
0 0.42400568 0.66471354 0.02272727 0.04817708
2 0.60511364 0.58984375 0.01988636 0.05208333
0 0.26455966 0.60937500 0.01917614 0.03125000
2 0.95099432 0.81315104 0.04403409 0.14973958
0 0.82244318 0.20833333 0.04545455 0.11458333
0 0.40021307 0.46809896 0.03480114 0.11328125
0 0.05610795 0.86588542 0.02840909 0.04166667
2 0.90092330 0.54101562 0.02485795 0.04817708
0 0.41193182 0.57096354 0.01562500 0.04557292
0 0.50532670 0.49804688 0.01491477 0.03255208
