1 0.58984375 0.67968750 0.01775568 0.05468750
2 0.92791193 0.81119792 0.02201705 0.07812500
1 0.18501420 0.67252604 0.01491477 0.04817708
0 0.38778409 0.72070312 0.02840909 0.07161458
0 0.07421875 0.76888021 0.03480114 0.07682292
0 0.61186080 0.71093750 0.02627841 0.06510417
1 0.41761364 0.71158854 0.01846591 0.08463542
2 0.67080966 0.67903646 0.01775568 0.03255208
0 0.34446023 0.71549479 0.02840909 0.04817708
0 0.76100852 0.52539062 0.01633523 0.02734375
0 0.73579545 0.51236979 0.01562500 0.02734375
0 0.08451705 0.62304688 0.02130682 0.03776042
