0 0.67400568 0.55989583 0.03125000 0.08854167
2 0.54687500 0.86458333 0.02698864 0.08854167
2 0.33664773 0.71419271 0.02272727 0.07682292
0 0.57634943 0.50455729 0.02627841 0.04296875
0 0.73934659 0.75390625 0.02698864 0.03906250
0 0.16264205 0.73763021 0.02556818 0.03776042
0 0.90305398 0.63411458 0.01775568 0.04166667
0 0.47549716 0.76627604 0.01633523 0.04036458
2 0.38529830 0.66927083 0.01349432 0.04166667
0 0.52947443 0.33138021 0.01775568 0.02473958
0 0.65234375 0.57096354 0.01917614 0.02213542
2 0.20134943 0.50455729 0.01491477 0.02213542
0 0.31285511 0.72656250 0.02343750 0.06770833
0 0.12038352 0.84635417 0.02485795 0.03645833
1 0.71555398 0.35872396 0.01349432 0.05338542
1 0.60546875 0.28385417 0.01349432 0.04687500
0 0.45134943 0.66731771 0.01775568 0.02213542
