0 0.17329545 0.71354167 0.03267045 0.08854167
2 0.20561080 0.75065104 0.02485795 0.06119792
2 0.76988636 0.61263021 0.02272727 0.05338542
0 0.94815341 0.42187500 0.01988636 0.05468750
0 0.53089489 0.36523438 0.02201705 0.03776042
2 0.67684659 0.30143229 0.01278409 0.03255208
1 0.23366477 0.55859375 0.03267045 0.12239583
1 0.28870739 0.69466146 0.03196023 0.11588542
2 0.80433239 0.58593750 0.02343750 0.08593750
2 0.83771307 0.60807292 0.02343750 0.08333333
0 0.47372159 0.17382812 0.01278409 0.03776042
