2 0.80184659 0.84895833 0.01988636 0.04687500
2 0.09836648 0.83138021 0.02059659 0.05598958
2 0.53799716 0.72005208 0.01917614 0.04427083
0 0.54900568 0.83203125 0.02414773 0.06510417
0 0.33842330 0.73437500 0.02627841 0.07031250
0 0.56995739 0.58138021 0.02059659 0.05338542
2 0.80965909 0.46614583 0.02698864 0.03906250
2 0.74822443 0.55208333 0.01207386 0.02864583
2 0.89062500 0.91927083 0.01562500 0.03125000
2 0.59907670 0.65234375 0.01775568 0.06770833
0 0.61257102 0.40559896 0.01491477 0.03776042
2 0.39453125 0.39648438 0.01775568 0.04817708
1 0.33877841 0.44335938 0.01278409 0.05338542
2 0.52911932 0.35611979 0.00852273 0.01692708
0 0.69602273 0.37500000 0.01562500 0.03645833
