1 0.23437500 0.67968750 0.02982955 0.11979167
2 0.63458807 0.81315104 0.03338068 0.08723958
0 0.17151989 0.75781250 0.03196023 0.09114583
1 0.44992898 0.72005208 0.02485795 0.10156250
2 0.14630682 0.93619792 0.02414773 0.05729167
0 0.89524148 0.67968750 0.02201705 0.03385417
0 0.45703125 0.91406250 0.04900568 0.08072917
1 0.91938920 0.75195312 0.02627841 0.13671875
0 0.47443182 0.47656250 0.02556818 0.06770833
0 0.58700284 0.65364583 0.03053977 0.05208333
0 0.17009943 0.72916667 0.03053977 0.03385417
0 0.21058239 0.61979167 0.02201705 0.03385417
2 0.85582386 0.70833333 0.01704545 0.03385417
