1 0.31250000 0.78255208 0.02698864 0.07291667
1 0.56960227 0.55859375 0.01704545 0.05729167
1 0.42151989 0.58593750 0.02059659 0.09635417
0 0.96803977 0.57682292 0.01704545 0.03125000
0 0.53018466 0.58919271 0.01775568 0.05338542
2 0.44105114 0.43424479 0.01136364 0.03255208
2 0.38281250 0.61197917 0.02130682 0.09114583
0 0.85511364 0.45182292 0.01420455 0.02604167
0 0.25674716 0.81575521 0.02911932 0.06640625
2 0.26455966 0.85546875 0.04758523 0.15104167
0 0.99325284 0.52343750 0.01349432 0.02083333
