1 0.47620739 0.76367188 0.01917614 0.07942708
2 0.23188920 0.82421875 0.02911932 0.08333333
1 0.25213068 0.87239583 0.01846591 0.06250000
2 0.55788352 0.89843750 0.02201705 0.05729167
1 0.63316761 0.47005208 0.01207386 0.03906250
2 0.80149148 0.80729167 0.01917614 0.04687500
0 0.60901989 0.90104167 0.03053977 0.08072917
0 0.44815341 0.73437500 0.02414773 0.04687500
2 0.79438920 0.85286458 0.02343750 0.05468750
0 0.93501420 0.97656250 0.02201705 0.04427083
1 0.52201705 0.50976562 0.01278409 0.04036458
2 0.65127841 0.52604167 0.01278409 0.04947917
1 0.83948864 0.46223958 0.01278409 0.03645833
2 0.48828125 0.61653646 0.01349432 0.03776042
0 0.79083807 0.53190104 0.01633523 0.05078125
2 0.69495739 0.50325521 0.01207386 0.02734375
