1 0.36825284 0.82031250 0.02769886 0.12500000
2 0.30717330 0.95638021 0.02627841 0.06380208
1 0.71413352 0.88216146 0.03338068 0.11588542
1 0.57528409 0.60481771 0.02130682 0.11328125
1 0.48792614 0.33398438 0.01562500 0.07161458
1 0.28018466 0.56835938 0.02485795 0.11328125
1 0.45454545 0.35872396 0.01562500 0.05078125
2 0.69034091 0.63216146 0.01704545 0.03776042
2 0.65625000 0.82486979 0.02698864 0.08203125
1 0.44602273 0.29492188 0.01136364 0.04296875
2 0.18856534 0.71744792 0.02201705 0.05989583
