0 0.61541193 0.95898438 0.03764205 0.07942708
0 0.49218750 0.85611979 0.03693182 0.07421875
2 0.68465909 0.94140625 0.03125000 0.11458333
1 0.71235795 0.84635417 0.02556818 0.14062500
1 0.62890625 0.72981771 0.02059659 0.12630208
1 0.65660511 0.89388021 0.02627841 0.15234375
0 0.69886364 0.75000000 0.02698864 0.08593750
0 0.16619318 0.72005208 0.02272727 0.07291667
0 0.57741477 0.73958333 0.02698864 0.05729167
0 0.18430398 0.69531250 0.02059659 0.06770833
1 0.63174716 0.63606771 0.01349432 0.07161458
2 0.17968750 0.74348958 0.02130682 0.04947917
2 0.68146307 0.69335938 0.01917614 0.07682292
0 0.12677557 0.71744792 0.02769886 0.04947917
