0 0.78160511 0.76822917 0.02343750 0.07031250
0 0.93430398 0.73437500 0.02201705 0.06250000
0 0.83380682 0.46354167 0.01278409 0.03906250
1 0.73615057 0.63932292 0.01633523 0.07812500
1 0.82315341 0.66276042 0.01704545 0.08854167
2 0.95276989 0.78971354 0.01917614 0.06380208
2 0.24112216 0.51302083 0.01491477 0.05208333
2 0.81676136 0.74934896 0.01846591 0.07421875
2 0.72194602 0.68294271 0.01633523 0.05859375
2 0.37855114 0.56184896 0.01278409 0.05338542
2 0.85333807 0.46549479 0.01349432 0.05078125
2 0.33877841 0.61588542 0.01420455 0.04166667
2 0.80646307 0.44791667 0.01065341 0.04427083
2 0.78941761 0.47135417 0.01207386 0.03906250
2 0.83806818 0.78906250 0.01988636 0.05729167
