1 0.28160511 0.55468750 0.02201705 0.10156250
1 0.25284091 0.49544271 0.01988636 0.08723958
0 0.30184659 0.58203125 0.01988636 0.06510417
0 0.33664773 0.48437500 0.01704545 0.06250000
1 0.21590909 0.51432292 0.01278409 0.06250000
2 0.43394886 0.37890625 0.00994318 0.04427083
1 0.55113636 0.25976562 0.00710227 0.04557292
0 0.42151989 0.92968750 0.02769886 0.08333333
2 0.91832386 0.92057292 0.02556818 0.06770833
1 0.31250000 0.51041667 0.01562500 0.08072917
2 0.92933239 0.93684896 0.02201705 0.05338542
0 0.73082386 0.55403646 0.01846591 0.06380208
1 0.67897727 0.61132812 0.01846591 0.06119792
1 0.08309659 0.62825521 0.01846591 0.05859375
1 0.35191761 0.49088542 0.01349432 0.07552083
0 0.17258523 0.97786458 0.02414773 0.04166667
1 0.29971591 0.51692708 0.01420455 0.06770833
0 0.93785511 0.49088542 0.01491477 0.04687500
0 0.21768466 0.70117188 0.01775568 0.03255208
1 0.41867898 0.36588542 0.01065341 0.04947917
0 0.23792614 0.51106771 0.01562500 0.02994792
