0 0.69247159 0.91080729 0.02414773 0.04036458
0 0.64737216 0.64127604 0.01633523 0.03515625
2 0.27911932 0.71223958 0.01420455 0.03645833
2 0.24041193 0.69205729 0.01349432 0.02734375
0 0.59126420 0.49153646 0.01065341 0.02994792
0 0.62073864 0.48177083 0.01136364 0.02864583
2 0.40056818 0.92382812 0.01988636 0.05078125
0 0.61328125 0.85026042 0.02343750 0.03645833
0 0.21342330 0.79361979 0.02201705 0.03776042
2 0.07919034 0.85742188 0.01349432 0.03255208
0 0.43039773 0.55533854 0.01278409 0.03515625
0 0.83700284 0.65820312 0.01349432 0.02734375
0 0.88068182 0.67057292 0.01136364 0.02343750
