1 0.10653409 0.74609375 0.02130682 0.08333333
1 0.64240057 0.86132812 0.02769886 0.10546875
1 0.50177557 0.87304688 0.02343750 0.11067708
2 0.76100852 0.87695312 0.02769886 0.10286458
2 0.77379261 0.92447917 0.02911932 0.10156250
2 0.70348011 0.82161458 0.02911932 0.08333333
1 0.43359375 0.82942708 0.02201705 0.08854167
1 0.89914773 0.74609375 0.02698864 0.08333333
0 0.35795455 0.77864583 0.02840909 0.08593750
0 0.20276989 0.66861979 0.02343750 0.04296875
0 0.42507102 0.75390625 0.02911932 0.08854167
2 0.83842330 0.58268229 0.01349432 0.02734375
