1 0.47940341 0.52734375 0.02556818 0.14843750
1 0.48117898 0.81315104 0.02485795 0.10026042
2 0.55397727 0.97070312 0.02414773 0.05598958
2 0.80007102 0.65494792 0.01633523 0.05208333
0 0.59694602 0.92578125 0.02911932 0.09375000
1 0.06818182 0.51302083 0.01278409 0.04687500
1 0.19069602 0.51367188 0.01491477 0.05078125
0 0.61328125 0.42643229 0.01917614 0.07421875
0 0.34126420 0.52213542 0.01633523 0.05208333
0 0.73224432 0.75000000 0.02130682 0.03645833
0 0.36612216 0.49609375 0.01491477 0.04947917
0 0.19069602 0.81835938 0.01917614 0.06119792
2 0.08096591 0.68489583 0.01704545 0.04687500
0 0.84375000 0.55403646 0.01562500 0.05078125
1 0.32883523 0.52539062 0.01846591 0.06901042
0 0.81676136 0.72916667 0.02130682 0.06770833
2 0.09375000 0.78710938 0.02130682 0.06640625
