1 0.45880682 0.48242188 0.01704545 0.07421875
1 0.88742898 0.67252604 0.01775568 0.10026042
2 0.69353693 0.85221354 0.02201705 0.05598958
2 0.54048295 0.84830729 0.01988636 0.05078125
1 0.43998580 0.82096354 0.02343750 0.09244792
2 0.63742898 0.61132812 0.01633523 0.04817708
0 0.31392045 0.68489583 0.02414773 0.07031250
0 0.86150568 0.69010417 0.02272727 0.06510417
2 0.48757102 0.50260417 0.01349432 0.03125000
2 0.69921875 0.35742188 0.01065341 0.02213542
0 0.31676136 0.88020833 0.02982955 0.08854167
