1 0.34481534 0.71549479 0.01775568 0.06119792
0 0.18856534 0.56966146 0.01633523 0.05078125
1 0.14026989 0.64192708 0.01349432 0.05989583
2 0.17187500 0.66927083 0.01420455 0.04687500
1 0.51491477 0.46940104 0.01136364 0.06119792
0 0.17223011 0.64192708 0.01491477 0.04166667
0 0.94282670 0.82421875 0.01775568 0.03645833
1 0.49928977 0.46093750 0.00994318 0.04947917
2 0.49573864 0.50455729 0.01136364 0.04296875
0 0.48934659 0.48632812 0.01278409 0.03515625
1 0.67258523 0.35546875 0.00852273 0.04166667
0 0.53906250 0.38606771 0.01278409 0.02213542
0 0.69886364 0.37630208 0.00994318 0.02864583
0 0.47301136 0.41471354 0.01278409 0.01953125
0 0.65696023 0.36002604 0.00994318 0.02213542
2 0.98082386 0.89908854 0.02130682 0.05598958
0 0.39062500 0.79492188 0.02130682 0.03776042
2 0.14098011 0.70117188 0.01491477 0.05338542
0 0.33274148 0.78190104 0.02059659 0.03515625
0 0.12642045 0.68229167 0.01562500 0.04427083
0 0.52272727 0.50846354 0.01278409 0.04036458
0 0.13884943 0.54752604 0.01491477 0.02734375
0 0.27698864 0.32031250 0.01278409 0.01562500
