2 0.32457386 0.75195312 0.01988636 0.06119792
2 0.22478693 0.80664062 0.01775568 0.04817708
1 0.98082386 0.37565104 0.01136364 0.05338542
2 0.57528409 0.73437500 0.01988636 0.05468750
0 0.56711648 0.66861979 0.01917614 0.04296875
0 0.34339489 0.97721354 0.02343750 0.04296875
0 0.39346591 0.84244792 0.02130682 0.04427083
0 0.26562500 0.66927083 0.01846591 0.03645833
0 0.37428977 0.49674479 0.01420455 0.03776042
2 0.33416193 0.56770833 0.01349432 0.03125000
0 0.60653409 0.65429688 0.01562500 0.06380208
2 0.44637784 0.53645833 0.01207386 0.02343750
0 0.63139205 0.70898438 0.02272727 0.04817708
