2 0.43714489 0.89322917 0.02201705 0.08593750
2 0.26669034 0.77278646 0.01917614 0.08203125
2 0.27663352 0.90299479 0.02201705 0.05338542
2 0.39169034 0.92838542 0.02059659 0.05208333
1 0.34836648 0.89257812 0.02059659 0.10546875
0 0.50461648 0.80533854 0.02485795 0.06901042
2 0.35546875 0.93684896 0.02059659 0.03515625
2 0.87677557 0.69531250 0.01491477 0.03906250
0 0.47727273 0.66796875 0.02130682 0.04947917
2 0.61683239 0.49283854 0.01065341 0.04296875
2 0.82279830 0.48437500 0.01065341 0.02343750
0 0.89204545 0.66861979 0.01846591 0.05598958
2 0.36079545 0.89257812 0.01704545 0.06119792
0 0.29225852 0.66927083 0.02059659 0.04166667
0 0.35298295 0.51562500 0.01278409 0.01822917
2 0.42649148 0.51302083 0.01065341 0.03645833
