0 0.84303977 0.81770833 0.02556818 0.06770833
1 0.64488636 0.52734375 0.01420455 0.05208333
1 0.89275568 0.55208333 0.01136364 0.05989583
2 0.61612216 0.71223958 0.01775568 0.03906250
2 0.85014205 0.58463542 0.01278409 0.04947917
2 0.34517045 0.57226562 0.01420455 0.04036458
0 0.72549716 0.78190104 0.02769886 0.10807292
2 0.82670455 0.93684896 0.02698864 0.09244792
2 0.84907670 0.90950521 0.02485795 0.08984375
0 0.80717330 0.81966146 0.02627841 0.07942708
0 0.88813920 0.63606771 0.02201705 0.07421875
2 0.79438920 0.83658854 0.02059659 0.06640625
2 0.85901989 0.86328125 0.02059659 0.06510417
2 0.84978693 0.71354167 0.01775568 0.07031250
0 0.86434659 0.82161458 0.02414773 0.03645833
2 0.86683239 0.62239583 0.01491477 0.05729167
1 0.87109375 0.57096354 0.01065341 0.05598958
2 0.47265625 0.60156250 0.01349432 0.02864583
2 0.36789773 0.52213542 0.01278409 0.02343750
