1 0.20525568 0.74544271 0.02130682 0.10286458
0 0.47940341 0.80664062 0.02982955 0.04296875
0 0.18146307 0.73242188 0.02201705 0.04557292
0 0.36186080 0.57031250 0.01917614 0.04687500
2 0.08771307 0.73828125 0.01775568 0.04687500
0 0.99183239 0.73828125 0.01491477 0.03385417
0 0.32812500 0.46028646 0.01420455 0.03255208
0 0.60156250 0.53385417 0.01562500 0.02604167
2 0.78977273 0.61197917 0.01420455 0.02864583
2 0.62855114 0.87890625 0.02556818 0.05989583
0 0.98970170 0.75716146 0.02059659 0.07161458
2 0.48011364 0.71289062 0.02130682 0.06901042
2 0.69566761 0.77929688 0.01917614 0.04296875
0 0.84019886 0.55338542 0.01420455 0.03906250
