1 0.78125000 0.71549479 0.02698864 0.11328125
2 0.77663352 0.84309896 0.03053977 0.08984375
0 0.25426136 0.92773438 0.02982955 0.07682292
2 0.29012784 0.91927083 0.02485795 0.08593750
0 0.70525568 0.76757812 0.02272727 0.07161458
1 0.13600852 0.55989583 0.01775568 0.08854167
0 0.29900568 0.78776042 0.02130682 0.07031250
0 0.22940341 0.72721354 0.02414773 0.06119792
0 0.27556818 0.86783854 0.02272727 0.05859375
2 0.80930398 0.65820312 0.02059659 0.06380208
2 0.65127841 0.90950521 0.02414773 0.05338542
2 0.80504261 0.78906250 0.02343750 0.05208333
2 0.18004261 0.68554688 0.01917614 0.06119792
0 0.12926136 0.58919271 0.01704545 0.05078125
0 0.77095170 0.48242188 0.01917614 0.03515625
1 0.24076705 0.79557292 0.02556818 0.10677083
2 0.68678977 0.80403646 0.02414773 0.08203125
0 0.20454545 0.85807292 0.02698864 0.07031250
0 0.56321023 0.46875000 0.02130682 0.05729167
0 0.82883523 0.71875000 0.01846591 0.05989583
0 0.27272727 0.77473958 0.01704545 0.06510417
0 0.53799716 0.44270833 0.02059659 0.05208333
0 0.31782670 0.55078125 0.02485795 0.03906250
2 0.83096591 0.66861979 0.01846591 0.04557292
0 0.16832386 0.66536458 0.01846591 0.03906250
