0 0.79474432 0.96549479 0.02982955 0.06640625
0 0.30007102 0.96484375 0.02769886 0.06770833
2 0.23153409 0.92578125 0.02556818 0.07291667
0 0.74467330 0.83398438 0.02485795 0.07421875
2 0.76278409 0.93164062 0.02272727 0.07161458
1 0.27769886 0.80533854 0.01846591 0.08723958
0 0.66157670 0.85091146 0.02343750 0.06640625
0 0.72052557 0.81510417 0.02343750 0.06510417
2 0.29936080 0.88736979 0.02201705 0.06901042
2 0.68821023 0.83138021 0.01988636 0.06380208
2 0.96803977 0.80924479 0.01704545 0.05338542
0 0.59339489 0.77408854 0.02343750 0.03776042
0 0.69034091 0.89062500 0.01988636 0.03645833
0 0.95312500 0.77408854 0.01278409 0.04036458
0 0.63849432 0.60872396 0.01420455 0.03515625
2 0.61612216 0.59765625 0.01065341 0.03385417
0 0.59303977 0.56250000 0.01136364 0.02864583
0 0.24396307 0.87369792 0.02627841 0.07812500
0 0.33025568 0.85221354 0.02556818 0.07682292
1 0.28089489 0.86783854 0.02059659 0.09505208
2 0.74502841 0.95377604 0.02414773 0.07421875
2 0.26455966 0.96289062 0.02485795 0.07161458
2 0.28053977 0.94791667 0.02414773 0.07291667
0 0.30539773 0.85742188 0.02414773 0.06119792
0 0.32741477 0.91210938 0.02698864 0.05078125
2 0.72336648 0.97395833 0.02343750 0.04947917
1 0.25426136 0.66666667 0.01278409 0.07031250
2 0.76953125 0.74544271 0.01775568 0.04557292
2 0.21981534 0.77408854 0.01775568 0.03776042
0 0.07421875 0.73502604 0.01491477 0.04296875
0 0.98082386 0.84505208 0.01562500 0.03906250
0 0.62500000 0.59375000 0.01278409 0.03906250
0 0.37464489 0.60611979 0.01207386 0.03515625
