0 0.34126420 0.93033854 0.02201705 0.05078125
2 0.78693182 0.60611979 0.01136364 0.03776042
0 0.35901989 0.74479167 0.01349432 0.02604167
2 0.76065341 0.77799479 0.01278409 0.02473958
0 0.42826705 0.56966146 0.01278409 0.01953125
1 0.05965909 0.77994792 0.01704545 0.08593750
0 0.83309659 0.95312500 0.02414773 0.05989583
0 0.67436080 0.86263021 0.02059659 0.05338542
1 0.13281250 0.89973958 0.01846591 0.04687500
2 0.20490057 0.80664062 0.01633523 0.04817708
2 0.57173295 0.68554688 0.01278409 0.04557292
0 0.62180398 0.43489583 0.01207386 0.03645833
2 0.71697443 0.49283854 0.01065341 0.04036458
0 0.39950284 0.52278646 0.01207386 0.02213542
