1 0.19282670 0.88020833 0.01917614 0.10156250
2 0.25355114 0.86067708 0.01704545 0.06510417
0 0.14559659 0.81250000 0.01704545 0.05989583
1 0.12997159 0.77278646 0.01278409 0.07942708
2 0.21519886 0.82747396 0.01562500 0.05859375
2 0.16122159 0.76757812 0.01420455 0.05078125
0 0.40767045 0.71809896 0.01278409 0.04296875
2 0.50497159 0.73307292 0.00994318 0.04166667
2 0.72478693 0.81315104 0.01065341 0.03255208
0 0.55184659 0.64713542 0.00852273 0.02343750
0 0.16051136 0.76497396 0.01846591 0.05859375
0 0.84197443 0.82747396 0.01491477 0.05859375
0 0.77947443 0.86263021 0.02059659 0.04036458
2 0.49041193 0.72916667 0.01065341 0.04427083
2 0.47407670 0.72395833 0.01065341 0.04427083
0 0.63849432 0.71289062 0.01846591 0.02734375
2 0.45703125 0.72395833 0.00923295 0.04166667
0 0.50426136 0.64388021 0.00994318 0.03515625
0 0.35262784 0.68619792 0.01207386 0.02604167
