1 0.36541193 0.67187500 0.02627841 0.11718750
0 0.30752841 0.90234375 0.03409091 0.07552083
1 0.87428977 0.77018229 0.02272727 0.06901042
2 0.22372159 0.66927083 0.02130682 0.04166667
0 0.12038352 0.62044271 0.02201705 0.03776042
0 0.83522727 0.45768229 0.01704545 0.02734375
0 0.73544034 0.21679688 0.00781250 0.01953125
0 0.27521307 0.61002604 0.02485795 0.07161458
2 0.37606534 0.82161458 0.02769886 0.05208333
2 0.31072443 0.59244792 0.01775568 0.04687500
0 0.11328125 0.44335938 0.01207386 0.03515625
0 0.15802557 0.46940104 0.01491477 0.02734375
0 0.22620739 0.35091146 0.01065341 0.03515625
