1 0.74147727 0.67317708 0.02272727 0.09895833
1 0.62144886 0.95442708 0.02840909 0.08854167
1 0.81107955 0.54166667 0.01704545 0.08333333
2 0.67187500 0.89648438 0.03125000 0.09765625
2 0.79119318 0.81510417 0.02556818 0.08072917
2 0.81924716 0.82421875 0.02343750 0.08072917
2 0.80255682 0.82877604 0.02840909 0.08723958
2 0.79332386 0.58789062 0.01988636 0.06901042
2 0.82705966 0.71419271 0.02201705 0.07421875
2 0.77876420 0.80403646 0.01775568 0.07421875
0 0.18394886 0.74869792 0.02556818 0.05989583
0 0.65198864 0.72330729 0.02556818 0.05078125
1 0.84907670 0.47200521 0.01633523 0.06380208
0 0.70774148 0.61848958 0.02769886 0.08072917
0 0.46448864 0.42773438 0.01420455 0.04557292
1 0.86434659 0.41341146 0.01136364 0.05338542
1 0.41086648 0.43945312 0.01349432 0.06640625
0 0.23579545 0.70507812 0.02414773 0.04296875
0 0.43607955 0.43294271 0.01562500 0.06380208
2 0.78941761 0.76432292 0.01633523 0.03906250
0 0.61328125 0.42578125 0.01633523 0.02864583
2 0.81178977 0.77929688 0.01420455 0.02734375
0 0.55681818 0.92187500 0.03267045 0.05989583
2 0.74502841 0.88281250 0.02556818 0.07291667
1 0.87286932 0.38281250 0.00852273 0.03385417
0 0.84090909 0.43359375 0.01420455 0.02604167
2 0.80220170 0.76757812 0.01491477 0.03515625
0 0.17009943 0.48111979 0.01491477 0.03255208
