1 0.33700284 0.91341146 0.01775568 0.06901042
2 0.67826705 0.94661458 0.01846591 0.05989583
1 0.83984375 0.74869792 0.01491477 0.05729167
0 0.65589489 0.97851562 0.01917614 0.04036458
2 0.70205966 0.91796875 0.01633523 0.04687500
2 0.83558239 0.86197917 0.01349432 0.04427083
1 0.27414773 0.63932292 0.00994318 0.05208333
0 0.59197443 0.92122396 0.01775568 0.02734375
2 0.78409091 0.89648438 0.01278409 0.03776042
1 0.26136364 0.63867188 0.00994318 0.04557292
2 0.29154830 0.65039062 0.01065341 0.04036458
0 0.64346591 0.67382812 0.01420455 0.02473958
1 0.61399148 0.82682292 0.01491477 0.06770833
2 0.71875000 0.90299479 0.01562500 0.05338542
2 0.76882102 0.83723958 0.01633523 0.05208333
1 0.91051136 0.80859375 0.01562500 0.04947917
1 0.34517045 0.61002604 0.01136364 0.05078125
2 0.86754261 0.75390625 0.01349432 0.04427083
0 0.86008523 0.73632812 0.01420455 0.04036458
0 0.87890625 0.73372396 0.01349432 0.04036458
0 0.32102273 0.64778646 0.01136364 0.04036458
2 0.95738636 0.69531250 0.01136364 0.03906250
0 0.31107955 0.65690104 0.01278409 0.03515625
0 0.80078125 0.76562500 0.01491477 0.02864583
1 0.90269886 0.69986979 0.01136364 0.03776042
0 0.92258523 0.68229167 0.01278409 0.03125000
