0 0.28338068 0.71158854 0.01704545 0.05598958
0 0.43821023 0.80468750 0.01704545 0.05208333
0 0.35546875 0.81445312 0.01917614 0.03776042
2 0.20312500 0.90364583 0.01704545 0.03125000
0 0.71946023 0.63671875 0.01278409 0.03385417
0 0.19495739 0.54817708 0.01065341 0.03906250
0 0.54900568 0.64322917 0.01420455 0.02604167
0 0.26278409 0.54231771 0.01278409 0.02213542
1 0.16264205 0.80403646 0.02130682 0.06640625
0 0.56285511 0.93359375 0.02059659 0.05729167
1 0.57457386 0.70768229 0.01136364 0.05338542
0 0.22478693 0.66276042 0.01349432 0.02864583
0 0.31321023 0.53645833 0.01136364 0.02343750
