2 0.86292614 0.79361979 0.02130682 0.08723958
0 0.76029830 0.87890625 0.03053977 0.08593750
0 0.80291193 0.86328125 0.02911932 0.08333333
0 0.62144886 0.71419271 0.03977273 0.08984375
0 0.40518466 0.88997396 0.04048295 0.11848958
0 0.70454545 0.98242188 0.03835227 0.03255208
2 0.82315341 0.83723958 0.01988636 0.09375000
2 0.72123580 0.93554688 0.02485795 0.10286458
0 0.66299716 0.65690104 0.02769886 0.05598958
0 0.23899148 0.51562500 0.02627841 0.06770833
0 0.26811080 0.66731771 0.02343750 0.06119792
0 0.76740057 0.61132812 0.03480114 0.07421875
2 0.47159091 0.64843750 0.01704545 0.06770833
0 0.95525568 0.62695312 0.01704545 0.04557292
2 0.89098011 0.62109375 0.01491477 0.03906250
1 0.91938920 0.68554688 0.01633523 0.08984375
2 0.97549716 0.62695312 0.01349432 0.04817708
2 0.99289773 0.60546875 0.01278409 0.05989583
1 0.46200284 0.61263021 0.01633523 0.11067708
1 0.81960227 0.96354167 0.02272727 0.07031250
1 0.89914773 0.73763021 0.01988636 0.10807292
2 0.94566761 0.68945312 0.01491477 0.06119792
0 0.28941761 0.68750000 0.02059659 0.06510417
0 0.50568182 0.62044271 0.01846591 0.02473958
2 0.90163352 0.87434896 0.03053977 0.11848958
0 0.83806818 0.58854167 0.01562500 0.03906250
0 0.07776989 0.58203125 0.02911932 0.07552083
