0 0.12677557 0.83789062 0.01917614 0.05859375
1 0.57066761 0.82617188 0.01349432 0.07942708
2 0.50071023 0.91276042 0.01562500 0.06250000
0 0.15731534 0.67382812 0.01633523 0.05338542
2 0.14666193 0.90169271 0.01491477 0.05598958
2 0.55539773 0.72721354 0.01136364 0.04557292
1 0.19566761 0.83138021 0.01491477 0.08203125
2 0.52805398 0.92252604 0.01491477 0.06380208
2 0.56036932 0.91210938 0.01420455 0.06380208
2 0.17791193 0.88020833 0.01633523 0.05468750
2 0.16051136 0.87239583 0.01562500 0.05468750
1 0.52166193 0.72135417 0.01065341 0.06250000
0 0.22727273 0.81250000 0.01562500 0.04166667
1 0.04580966 0.61132812 0.01207386 0.03776042
2 0.53444602 0.54622396 0.00923295 0.03255208
0 0.54687500 0.49088542 0.00852273 0.02083333
