2 0.58629261 0.93294271 0.01633523 0.04557292
2 0.77024148 0.91536458 0.01633523 0.06510417
2 0.14559659 0.84765625 0.01704545 0.04427083
1 0.78693182 0.94270833 0.01420455 0.05989583
0 0.84517045 0.83398438 0.01846591 0.05859375
0 0.52947443 0.81835938 0.01917614 0.03776042
2 0.58061080 0.59505208 0.01065341 0.03906250
2 0.85901989 0.93164062 0.03622159 0.04817708
0 0.19637784 0.91601562 0.02059659 0.03255208
2 0.03728693 0.59765625 0.01491477 0.03906250
0 0.39026989 0.56184896 0.01349432 0.01953125
2 0.46910511 0.62044271 0.01207386 0.02994792
