0 0.74005682 0.87500000 0.01846591 0.06510417
2 0.78657670 0.89843750 0.01633523 0.06510417
2 0.80681818 0.90299479 0.01562500 0.05598958
2 0.73757102 0.97265625 0.01917614 0.05208333
0 0.69247159 0.89518229 0.01988636 0.06640625
2 0.76278409 0.97916667 0.01846591 0.03906250
0 0.71235795 0.87434896 0.01846591 0.06901042
2 0.76313920 0.88541667 0.01633523 0.04687500
0 0.43998580 0.73958333 0.01491477 0.04947917
0 0.48544034 0.84505208 0.01775568 0.05989583
2 0.76065341 0.93554688 0.01562500 0.05859375
1 0.34694602 0.91601562 0.02059659 0.05338542
0 0.17151989 0.82031250 0.01917614 0.05468750
2 0.84126420 0.78190104 0.00923295 0.02994792
0 0.65731534 0.81119792 0.01775568 0.03125000
0 0.52698864 0.58723958 0.01136364 0.03645833
0 0.62322443 0.57617188 0.01065341 0.02994792
0 0.66015625 0.53125000 0.00923295 0.03125000
