2 0.77592330 0.89257812 0.02911932 0.10546875
2 0.74396307 0.85286458 0.02343750 0.06770833
2 0.80859375 0.85416667 0.02769886 0.09895833
1 0.84481534 0.81510417 0.02343750 0.09635417
1 0.73650568 0.59440104 0.01420455 0.05078125
0 0.62571023 0.86132812 0.03551136 0.05859375
0 0.83309659 0.92643229 0.03267045 0.09244792
0 0.79261364 0.96158854 0.03267045 0.06119792
0 0.79794034 0.65169271 0.02343750 0.05338542
0 0.29616477 0.69596354 0.02130682 0.03776042
0 0.82031250 0.68164062 0.02272727 0.04036458
0 0.49112216 0.73958333 0.01775568 0.03125000
0 0.16832386 0.84570312 0.03551136 0.13411458
2 0.12961648 0.81901042 0.03622159 0.12500000
