1 0.16015625 0.84440104 0.02343750 0.05859375
1 0.36683239 0.82096354 0.02201705 0.06119792
0 0.75816761 0.73177083 0.02343750 0.07552083
2 0.71803977 0.89453125 0.02414773 0.08333333
2 0.28870739 0.89778646 0.02485795 0.08203125
2 0.30646307 0.87955729 0.02201705 0.07942708
0 0.55930398 0.50000000 0.01207386 0.02864583
0 0.66619318 0.83007812 0.02414773 0.07161458
2 0.09375000 0.86588542 0.02130682 0.06250000
2 0.69282670 0.53971354 0.01207386 0.02994792
2 0.32279830 0.71289062 0.01633523 0.05078125
2 0.41974432 0.63867188 0.01420455 0.04557292
