1 0.73970170 0.89062500 0.01917614 0.07291667
0 0.69282670 0.97005208 0.02343750 0.05729167
0 0.75213068 0.82747396 0.01846591 0.05598958
2 0.18430398 0.97265625 0.01917614 0.04947917
2 0.75816761 0.95638021 0.01775568 0.04817708
2 0.78231534 0.97721354 0.01917614 0.04296875
2 0.77343750 0.83658854 0.01562500 0.04557292
0 0.33984375 0.81575521 0.01491477 0.04296875
2 0.43678977 0.71549479 0.01278409 0.04557292
0 0.55788352 0.57812500 0.01207386 0.03645833
2 0.82315341 0.72265625 0.01278409 0.03385417
2 0.35511364 0.81445312 0.01278409 0.02994792
0 0.35901989 0.39843750 0.01207386 0.02864583
1 0.89062500 0.40690104 0.00852273 0.04036458
2 0.28053977 0.61588542 0.01136364 0.02083333
2 0.07812500 0.79687500 0.01136364 0.01822917
0 0.77876420 0.91536458 0.02201705 0.06250000
0 0.81392045 0.86263021 0.01988636 0.05338542
2 0.79651989 0.94270833 0.01775568 0.05729167
2 0.76136364 0.90364583 0.01704545 0.05989583
2 0.79296875 0.83203125 0.01633523 0.05208333
2 0.27734375 0.88541667 0.01633523 0.05208333
1 0.74254261 0.92968750 0.01491477 0.04687500
1 0.44815341 0.69791667 0.01278409 0.05468750
2 0.79580966 0.85807292 0.01491477 0.04427083
0 0.68004261 0.83528646 0.01917614 0.03515625
0 0.85404830 0.83984375 0.01917614 0.03125000
0 0.67471591 0.58203125 0.01562500 0.02604167
