1 0.30362216 0.73763021 0.01917614 0.10546875
1 0.61150568 0.49804688 0.00994318 0.05859375
1 0.81676136 0.89453125 0.02698864 0.12239583
2 0.78586648 0.93294271 0.02911932 0.10286458
1 0.27769886 0.67513021 0.01562500 0.09244792
2 0.82883523 0.71809896 0.01846591 0.07421875
2 0.34197443 0.74674479 0.01917614 0.07421875
0 0.82776989 0.83203125 0.02485795 0.05729167
1 0.45667614 0.81054688 0.01420455 0.07942708
0 0.41122159 0.71354167 0.01988636 0.05729167
0 0.26740057 0.72916667 0.01917614 0.05468750
1 0.36576705 0.72070312 0.01420455 0.07682292
2 0.38494318 0.70638021 0.01562500 0.06640625
1 0.40873580 0.66015625 0.01207386 0.05208333
1 0.58132102 0.49283854 0.00923295 0.04557292
1 0.57031250 0.47265625 0.00994318 0.03906250
0 0.61967330 0.50390625 0.00923295 0.03645833
