0 0.19850852 0.80013021 0.02343750 0.04296875
2 0.80788352 0.89583333 0.02201705 0.08333333
1 0.76455966 0.88020833 0.01775568 0.09895833
2 0.66725852 0.80338542 0.01633523 0.07291667
0 0.50355114 0.86979167 0.02556818 0.04166667
0 0.64026989 0.57486979 0.01775568 0.05338542
0 0.44957386 0.81966146 0.02130682 0.05078125
0 0.36825284 0.58984375 0.01775568 0.03125000
1 0.27805398 0.80468750 0.01917614 0.06250000
2 0.76704545 0.70963542 0.01562500 0.03906250
0 0.21626420 0.60481771 0.01633523 0.04817708
2 0.83274148 0.59700521 0.01207386 0.03515625
0 0.91725852 0.57682292 0.01491477 0.01822917
2 0.75674716 0.61002604 0.01207386 0.03776042
0 0.17897727 0.53450521 0.01278409 0.01953125
0 0.63600852 0.35742188 0.01065341 0.01692708
0 0.74005682 0.48307292 0.01278409 0.02604167
2 0.98934659 0.58658854 0.00852273 0.01953125
0 0.99467330 0.80273438 0.00923295 0.05078125
1 0.41974432 0.81380208 0.01988636 0.07812500
