1 0.39879261 0.62695312 0.02911932 0.11848958
1 0.18501420 0.66471354 0.01917614 0.10807292
2 0.43643466 0.75065104 0.01917614 0.07942708
2 0.49502841 0.87434896 0.02556818 0.05078125
1 0.29474432 0.70638021 0.02272727 0.12890625
0 0.33735795 0.89713542 0.02982955 0.06770833
0 0.57421875 0.56640625 0.02059659 0.05208333
0 0.33416193 0.76888021 0.02343750 0.05859375
0 0.84623580 0.67122396 0.01917614 0.04296875
0 0.97052557 0.60742188 0.01633523 0.02213542
0 0.55397727 0.31184896 0.01136364 0.01953125
2 0.75745739 0.41210938 0.01349432 0.04296875
2 0.11150568 0.79492188 0.01420455 0.02473958
