1 0.46768466 0.80403646 0.01775568 0.07942708
0 0.25106534 0.61132812 0.01775568 0.04557292
2 0.31463068 0.78059896 0.01988636 0.03776042
0 0.73828125 0.55468750 0.01349432 0.04687500
0 0.23330966 0.79492188 0.02059659 0.02473958
0 0.80078125 0.44466146 0.01065341 0.04817708
0 0.17933239 0.35677083 0.01065341 0.02083333
1 0.80894886 0.60937500 0.02840909 0.08593750
0 0.12784091 0.89388021 0.02840909 0.08463542
1 0.58735795 0.75195312 0.01846591 0.10546875
0 0.76420455 0.49869792 0.01278409 0.04166667
0 0.35156250 0.41080729 0.01136364 0.03255208
0 0.52237216 0.36523438 0.01065341 0.02734375
