1 0.18678977 0.69921875 0.02698864 0.08854167
1 0.50000000 0.56640625 0.01562500 0.05208333
2 0.77237216 0.80468750 0.02343750 0.06770833
1 0.55681818 0.47395833 0.01562500 0.05989583
2 0.12038352 0.75455729 0.01775568 0.04296875
0 0.70880682 0.78580729 0.03125000 0.06119792
2 0.79403409 0.78190104 0.02698864 0.08984375
0 0.26100852 0.47916667 0.02059659 0.05468750
0 0.11079545 0.50065104 0.01562500 0.02734375
2 0.94353693 0.61458333 0.01633523 0.03645833
0 0.74644886 0.59700521 0.02414773 0.02994792
