1 0.88387784 0.82031250 0.02059659 0.05468750
1 0.36470170 0.64257812 0.01491477 0.04817708
1 0.27734375 0.55013021 0.01491477 0.04557292
1 0.42400568 0.46484375 0.01562500 0.07812500
2 0.83913352 0.59830729 0.01491477 0.04817708
0 0.53160511 0.67838542 0.02059659 0.04687500
0 0.06498580 0.93098958 0.01917614 0.03906250
0 0.60582386 0.88346354 0.02272727 0.03776042
0 0.57386364 0.37044271 0.01562500 0.03255208
2 0.64133523 0.56835938 0.01278409 0.03255208
2 0.45525568 0.47916667 0.01278409 0.02604167
2 0.96839489 0.73632812 0.01349432 0.03515625
0 0.58309659 0.24804688 0.01278409 0.01953125
2 0.14240057 0.78125000 0.01633523 0.05989583
0 0.77343750 0.63020833 0.01846591 0.03645833
2 0.31747159 0.91992188 0.01704545 0.03255208
1 0.39559659 0.39388021 0.01562500 0.06901042
