0 0.69992898 0.54752604 0.03196023 0.08984375
1 0.63494318 0.50911458 0.01278409 0.06770833
0 0.79545455 0.57096354 0.01562500 0.04296875
2 0.49289773 0.64518229 0.04403409 0.17317708
0 0.25035511 0.91276042 0.03338068 0.09635417
1 0.32954545 0.50065104 0.02272727 0.13151042
2 0.52592330 0.48437500 0.02627841 0.10156250
1 0.79332386 0.78515625 0.01988636 0.09114583
2 0.71413352 0.81119792 0.02343750 0.07031250
2 0.92578125 0.77343750 0.01207386 0.04166667
0 0.82848011 0.62369792 0.01775568 0.02343750
