2 0.55007102 0.81835938 0.01349432 0.03255208
0 0.88245739 0.87434896 0.02059659 0.03776042
0 0.30539773 0.83528646 0.02130682 0.04817708
2 0.63884943 0.74218750 0.01633523 0.03645833
0 0.59161932 0.92513021 0.02272727 0.05078125
0 0.32919034 0.72200521 0.01775568 0.04036458
0 0.56747159 0.59179688 0.01562500 0.02994792
0 0.40021307 0.63151042 0.02343750 0.04687500
0 0.66051136 0.67382812 0.01704545 0.02734375
1 0.46768466 0.45117188 0.01349432 0.06901042
0 0.44247159 0.36588542 0.01278409 0.03385417
0 0.58593750 0.54752604 0.01562500 0.05078125
0 0.41299716 0.78515625 0.01349432 0.03385417
1 0.41370739 0.97200521 0.01917614 0.05338542
0 0.43288352 0.48958333 0.01349432 0.04427083
0 0.91548295 0.90625000 0.01562500 0.03906250
