1 0.66796875 0.80598958 0.01917614 0.11197917
1 0.71448864 0.88802083 0.02130682 0.12239583
0 0.71271307 0.79492188 0.02343750 0.07161458
2 0.75816761 0.82682292 0.02201705 0.08333333
2 0.64772727 0.83593750 0.01988636 0.06510417
1 0.16725852 0.64713542 0.01349432 0.08072917
0 0.68004261 0.88606771 0.02485795 0.08203125
0 0.73899148 0.59114583 0.01349432 0.04947917
0 0.16370739 0.71484375 0.01775568 0.05468750
0 0.12748580 0.71028646 0.01775568 0.04036458
0 0.75284091 0.60481771 0.01420455 0.04557292
2 0.19531250 0.65299479 0.00994318 0.04557292
0 0.78835227 0.59505208 0.00852273 0.03906250
