1 0.29048295 0.91471354 0.03409091 0.16015625
2 0.87038352 0.93945312 0.03196023 0.11848958
2 0.20596591 0.80664062 0.03125000 0.10546875
1 0.91583807 0.62369792 0.02343750 0.11979167
0 0.92294034 0.75781250 0.03196023 0.08333333
1 0.47123580 0.47070312 0.01775568 0.09765625
1 0.43892045 0.47721354 0.01704545 0.10026042
0 0.90482955 0.59049479 0.02414773 0.06901042
0 0.47975852 0.50846354 0.02485795 0.06640625
2 0.92542614 0.68880208 0.02272727 0.05989583
1 0.52663352 0.40299479 0.01491477 0.09505208
2 0.63671875 0.38932292 0.01775568 0.06770833
0 0.97940341 0.48958333 0.01704545 0.05208333
0 0.34339489 0.98828125 0.03764205 0.02083333
2 0.48579545 0.37890625 0.01562500 0.03906250
1 0.16654830 0.82356771 0.03338068 0.14973958
2 0.83877841 0.94726562 0.03835227 0.10286458
1 0.14275568 0.64192708 0.02556818 0.11979167
0 0.19637784 0.93815104 0.03906250 0.07942708
0 0.77059659 0.82552083 0.03835227 0.05468750
0 0.86257102 0.68229167 0.02769886 0.07552083
1 0.11754261 0.71614583 0.02343750 0.08593750
0 0.07919034 0.68554688 0.02627841 0.07421875
0 0.95561080 0.68359375 0.02485795 0.07812500
2 0.17258523 0.65690104 0.02414773 0.07421875
0 0.25390625 0.51627604 0.03053977 0.05598958
2 0.87961648 0.85872396 0.02627841 0.06119792
1 0.95419034 0.50911458 0.01633523 0.09635417
0 0.09552557 0.64713542 0.02485795 0.05729167
2 0.53089489 0.48307292 0.01775568 0.05989583
2 0.52734375 0.42382812 0.01491477 0.06380208
2 0.51526989 0.46549479 0.01633523 0.05598958
1 0.39772727 0.44791667 0.01562500 0.05729167
0 0.54048295 0.40039062 0.01704545 0.04817708
0 0.09126420 0.44401042 0.01633523 0.04687500
1 0.05468750 0.43554688 0.01278409 0.05078125
1 0.24928977 0.33007812 0.01136364 0.05859375
2 0.07066761 0.43424479 0.01349432 0.04557292
0 0.95490057 0.35351562 0.01349432 0.01953125
