1 0.36931818 0.95182292 0.01704545 0.05208333
2 0.52485795 0.76432292 0.02414773 0.06770833
2 0.29367898 0.87109375 0.01633523 0.06250000
1 0.34019886 0.71549479 0.01136364 0.05338542
2 0.64950284 0.69986979 0.01207386 0.04557292
2 0.45241477 0.82747396 0.01420455 0.03515625
1 0.25461648 0.64843750 0.01349432 0.05468750
2 0.67649148 0.73437500 0.01349432 0.04947917
0 0.55930398 0.89583333 0.02059659 0.03385417
0 0.69247159 0.96809896 0.02414773 0.05338542
0 0.92649148 0.84375000 0.01633523 0.03645833
2 0.48970170 0.76757812 0.01349432 0.05859375
0 0.96413352 0.86848958 0.01775568 0.05729167
0 0.77556818 0.66145833 0.01420455 0.02604167
2 0.75319602 0.62044271 0.01065341 0.02473958
1 0.42009943 0.60677083 0.00923295 0.04687500
0 0.54048295 0.52994792 0.02414773 0.06250000
