0 0.72514205 0.90755208 0.04261364 0.10937500
0 0.25106534 0.88411458 0.03906250 0.09895833
0 0.55468750 0.63411458 0.02840909 0.04687500
1 0.06676136 0.84700521 0.04261364 0.12630208
2 0.90021307 0.81640625 0.02769886 0.10416667
2 0.37002841 0.72526042 0.02414773 0.10156250
2 0.38884943 0.85546875 0.02627841 0.07552083
2 0.10298295 0.97656250 0.02272727 0.04427083
1 0.29332386 0.70442708 0.02272727 0.09635417
0 0.08558239 0.74283854 0.02485795 0.07942708
0 0.04367898 0.70768229 0.02485795 0.07161458
0 0.21306818 0.44791667 0.01278409 0.03906250
1 0.43394886 0.65885417 0.02840909 0.21093750
1 0.74928977 0.50585938 0.01420455 0.08463542
1 0.71803977 0.53320312 0.02982955 0.08463542
0 0.84836648 0.43489583 0.01349432 0.02864583
2 0.64914773 0.45572917 0.01420455 0.02864583
2 0.00887784 0.61653646 0.01775568 0.06380208
2 0.34303977 0.39388021 0.01278409 0.01953125
2 0.00319602 0.70182292 0.00639205 0.04166667
1 0.19815341 0.43424479 0.01136364 0.04817708
1 0.85653409 0.71419271 0.01988636 0.05078125
