0 0.34161932 0.92317708 0.02556818 0.05468750
0 0.81960227 0.81966146 0.02130682 0.04036458
0 0.65980114 0.81770833 0.02272727 0.03645833
0 0.60085227 0.75520833 0.02272727 0.03385417
0 0.43465909 0.94856771 0.02982955 0.09244792
0 0.08487216 0.83854167 0.01917614 0.03385417
0 0.40127841 0.67708333 0.01704545 0.02864583
0 0.19744318 0.90755208 0.02414773 0.07552083
1 0.28693182 0.92057292 0.02272727 0.10416667
1 0.23508523 0.91861979 0.02272727 0.10546875
1 0.80539773 0.95377604 0.02414773 0.08984375
1 0.52521307 0.94140625 0.02059659 0.11197917
1 0.49644886 0.92708333 0.01988636 0.11197917
2 0.68075284 0.93880208 0.02201705 0.08072917
2 0.47478693 0.95898438 0.02201705 0.07682292
