1 0.64098011 0.76692708 0.02485795 0.11197917
1 0.58913352 0.86979167 0.02485795 0.11458333
1 0.56640625 0.69661458 0.02201705 0.08593750
2 0.18714489 0.77864583 0.02343750 0.07552083
1 0.68927557 0.85351562 0.02911932 0.09505208
2 0.20987216 0.75260417 0.02343750 0.07812500
2 0.69211648 0.92252604 0.02769886 0.09505208
1 0.15838068 0.77343750 0.02556818 0.10416667
2 0.64914773 0.90429688 0.02414773 0.09505208
1 0.20845170 0.55273438 0.01491477 0.05338542
2 0.74751420 0.89062500 0.02485795 0.08593750
0 0.63316761 0.94661458 0.03053977 0.08072917
0 0.23508523 0.73893229 0.02556818 0.06901042
0 0.66832386 0.95377604 0.03267045 0.07942708
2 0.68501420 0.80924479 0.02485795 0.08203125
1 0.71377841 0.84309896 0.02698864 0.12890625
2 0.29758523 0.67968750 0.01846591 0.04947917
0 0.61115057 0.80208333 0.02911932 0.06510417
0 0.73117898 0.93489583 0.03622159 0.08854167
0 0.68572443 0.60221354 0.02201705 0.04296875
1 0.18572443 0.69921875 0.02059659 0.09635417
1 0.07315341 0.59830729 0.01420455 0.06119792
1 0.43004261 0.54817708 0.01491477 0.05729167
1 0.58132102 0.82291667 0.01917614 0.10416667
0 0.20383523 0.70052083 0.01988636 0.03645833
2 0.10085227 0.76692708 0.01988636 0.03645833
2 0.12784091 0.75260417 0.01846591 0.04947917
2 0.13636364 0.73567708 0.02272727 0.07812500
1 0.43039773 0.49739583 0.01420455 0.05468750
0 0.06605114 0.63671875 0.01988636 0.06770833
0 0.46484375 0.40755208 0.01207386 0.03645833
0 0.24005682 0.49283854 0.01420455 0.04036458
1 0.46697443 0.48307292 0.01491477 0.04687500
0 0.44531250 0.53645833 0.01562500 0.05468750
