2 0.87286932 0.91406250 0.03267045 0.09375000
2 0.85156250 0.89778646 0.03409091 0.09244792
1 0.72265625 0.49218750 0.02059659 0.06250000
0 0.63671875 0.97005208 0.03338068 0.05989583
2 0.81498580 0.92838542 0.03338068 0.09375000
1 0.75426136 0.52408854 0.01562500 0.05859375
1 0.41867898 0.53645833 0.01917614 0.06510417
2 0.80220170 0.86523438 0.02485795 0.08723958
1 0.13636364 0.84244792 0.02556818 0.07031250
2 0.73579545 0.41731771 0.01562500 0.02734375
0 0.32137784 0.38476562 0.01775568 0.03255208
0 0.05220170 0.57161458 0.01633523 0.04687500
1 0.78515625 0.88020833 0.02911932 0.10937500
1 0.33451705 0.48437500 0.02130682 0.09635417
0 0.61399148 0.31966146 0.01491477 0.03515625
0 0.62571023 0.26041667 0.01420455 0.03906250
1 0.31782670 0.48828125 0.01917614 0.09114583
0 0.46555398 0.40494792 0.02059659 0.06770833
