1 0.21555398 0.46093750 0.01491477 0.08593750
2 0.43465909 0.92382812 0.03267045 0.11848958
1 0.83735795 0.71549479 0.02272727 0.11588542
1 0.39808239 0.32031250 0.02627841 0.16145833
2 0.30468750 0.73437500 0.02556818 0.07031250
0 0.72372159 0.78450521 0.02982955 0.06380208
1 0.82066761 0.77473958 0.02485795 0.08333333
1 0.30788352 0.49218750 0.01917614 0.09375000
0 0.76384943 0.68294271 0.02627841 0.08463542
0 0.85901989 0.76562500 0.03196023 0.05208333
1 0.92720170 0.47330729 0.01633523 0.06901042
0 0.81711648 0.69921875 0.02911932 0.08072917
0 0.78409091 0.74674479 0.03267045 0.08984375
1 0.20809659 0.75976562 0.02414773 0.09765625
0 0.81250000 0.39713542 0.01704545 0.04427083
0 0.79474432 0.81250000 0.02982955 0.07031250
0 0.68323864 0.29817708 0.01278409 0.03385417
0 0.55788352 0.36002604 0.01491477 0.04557292
1 0.91725852 0.43489583 0.01207386 0.04427083
0 0.89204545 0.71875000 0.02556818 0.04947917
0 0.53799716 0.33593750 0.01349432 0.04166667
2 0.93927557 0.49088542 0.01349432 0.04947917
