2 0.14488636 0.93424479 0.02698864 0.06380208
1 0.29900568 0.65299479 0.02414773 0.11328125
1 0.27911932 0.78906250 0.02840909 0.12760417
2 0.74502841 0.70182292 0.02556818 0.08593750
1 0.22265625 0.77604167 0.02911932 0.12760417
2 0.85404830 0.74869792 0.02627841 0.05729167
0 0.80823864 0.78059896 0.03125000 0.08984375
1 0.32670455 0.75195312 0.02556818 0.11848958
1 0.76633523 0.73502604 0.02414773 0.08984375
1 0.82990057 0.65559896 0.02627841 0.11588542
2 0.77982955 0.65169271 0.02272727 0.07942708
1 0.14346591 0.75651042 0.02130682 0.08854167
1 0.23828125 0.44075521 0.01349432 0.06119792
