1 0.43572443 0.94205729 0.02343750 0.08984375
1 0.51242898 0.94791667 0.02059659 0.08854167
1 0.64169034 0.35742188 0.01207386 0.06119792
1 0.65376420 0.34830729 0.01207386 0.05859375
1 0.38778409 0.30273438 0.01136364 0.05338542
2 0.70028409 0.93489583 0.02840909 0.07552083
2 0.40873580 0.95963542 0.02769886 0.07812500
2 0.47478693 0.97070312 0.02343750 0.05598958
1 0.79580966 0.96484375 0.02769886 0.06770833
0 0.25887784 0.93554688 0.03338068 0.07682292
0 0.70525568 0.61263021 0.01988636 0.04296875
0 0.40731534 0.31119792 0.01349432 0.04687500
0 0.66796875 0.38151042 0.01491477 0.04427083
0 0.39737216 0.39518229 0.01349432 0.04557292
0 0.21306818 0.53710938 0.01704545 0.03515625
0 0.36825284 0.38411458 0.01349432 0.04166667
2 0.63352273 0.28320312 0.01136364 0.03776042
0 0.22336648 0.33138021 0.01491477 0.04296875
0 0.62713068 0.35872396 0.01136364 0.03255208
0 0.90980114 0.86067708 0.02414773 0.05468750
0 0.01598011 0.87174479 0.02485795 0.06119792
0 0.21590909 0.80273438 0.02414773 0.05078125
0 0.69708807 0.27864583 0.01917614 0.04166667
1 0.82102273 0.98242188 0.01704545 0.03255208
1 0.30468750 0.92708333 0.02982955 0.11197917
0 0.17507102 0.54492188 0.01491477 0.02734375
0 0.63813920 0.91796875 0.02627841 0.06770833
