1 0.51846591 0.90494792 0.03551136 0.17447917
2 0.71768466 0.92838542 0.04332386 0.13541667
2 0.64879261 0.92122396 0.03622159 0.14713542
0 0.59446023 0.91471354 0.04545455 0.11328125
2 0.73792614 0.95117188 0.04261364 0.09505208
0 0.49538352 0.97135417 0.05326705 0.04947917
2 0.58345170 0.97591146 0.04190341 0.04557292
0 0.85298295 0.59895833 0.02130682 0.07031250
0 0.25142045 0.58398438 0.02840909 0.04296875
1 0.90944602 0.57942708 0.01491477 0.07031250
0 0.11505682 0.58593750 0.01846591 0.05468750
0 0.88032670 0.61523438 0.02059659 0.04557292
0 0.79474432 0.98697917 0.04545455 0.02343750
0 0.29154830 0.57161458 0.02769886 0.03645833
0 0.82741477 0.59765625 0.02698864 0.03125000
