1 0.86647727 0.86263021 0.02982955 0.11067708
2 0.90838068 0.68554688 0.02130682 0.06901042
2 0.88139205 0.98307292 0.01988636 0.03125000
2 0.88991477 0.78385417 0.02414773 0.07552083
2 0.84552557 0.97526042 0.02485795 0.04687500
1 0.87855114 0.47786458 0.01420455 0.05989583
2 0.88671875 0.92773438 0.02911932 0.07942708
2 0.86292614 0.63997396 0.01704545 0.06119792
1 0.84872159 0.69531250 0.01846591 0.09114583
1 0.90092330 0.53190104 0.01633523 0.06901042
2 0.88387784 0.50716146 0.01491477 0.04817708
0 0.17649148 0.78059896 0.02201705 0.04817708
0 0.42329545 0.66341146 0.02272727 0.04817708
0 0.83380682 0.73307292 0.02556818 0.06770833
0 0.71661932 0.40364583 0.01562500 0.04687500
0 0.81605114 0.89453125 0.02840909 0.07291667
0 0.11257102 0.53710938 0.01491477 0.04557292
0 0.21129261 0.68945312 0.02201705 0.06380208
0 0.47940341 0.34049479 0.01278409 0.02473958
