2 0.19460227 0.94270833 0.02982955 0.08072917
2 0.64879261 0.73958333 0.02485795 0.06770833
2 0.69034091 0.74804688 0.02556818 0.05338542
0 0.26455966 0.69401042 0.02059659 0.06250000
0 0.78018466 0.63411458 0.02059659 0.05729167
0 0.29616477 0.54882812 0.01846591 0.05078125
0 0.10369318 0.74869792 0.02130682 0.03385417
0 0.23366477 0.68359375 0.01988636 0.03125000
0 0.71058239 0.67317708 0.02343750 0.09114583
1 0.47443182 0.65494792 0.01562500 0.10416667
0 0.05007102 0.81966146 0.02059659 0.05078125
1 0.45490057 0.70182292 0.01633523 0.06510417
0 0.53480114 0.44205729 0.01562500 0.01953125
