1 0.27414773 0.79557292 0.02130682 0.10416667
2 0.28906250 0.90559896 0.02698864 0.08203125
2 0.26988636 0.93229167 0.02556818 0.08072917
2 0.12038352 0.70377604 0.01917614 0.05598958
1 0.13636364 0.62695312 0.01562500 0.06901042
1 0.68394886 0.55013021 0.01278409 0.06119792
2 0.87251420 0.82812500 0.01775568 0.03906250
0 0.05610795 0.69010417 0.01562500 0.04166667
2 0.45987216 0.63476562 0.01633523 0.03515625
1 0.30610795 0.88020833 0.02272727 0.11197917
1 0.32173295 0.83072917 0.02272727 0.10937500
0 0.19460227 0.85611979 0.02414773 0.07161458
1 0.08380682 0.72005208 0.01988636 0.07812500
2 0.13139205 0.68880208 0.01704545 0.05729167
0 0.07954545 0.66015625 0.01704545 0.04947917
0 0.68643466 0.66471354 0.02059659 0.03255208
2 0.79758523 0.62955729 0.01420455 0.02734375
2 0.21129261 0.50195312 0.01065341 0.02213542
