1 0.34197443 0.52213542 0.05894886 0.32812500
2 0.64275568 0.85677083 0.03125000 0.06510417
2 0.09943182 0.79231771 0.01988636 0.05859375
0 0.84978693 0.67382812 0.03196023 0.06380208
0 0.39666193 0.89322917 0.04616477 0.12239583
2 0.86292614 0.46744792 0.01846591 0.05208333
2 0.39843750 0.45052083 0.01562500 0.03385417
2 0.57670455 0.72526042 0.04687500 0.21354167
0 0.64453125 0.58528646 0.03196023 0.04296875
0 0.14240057 0.96289062 0.04048295 0.07161458
0 0.57173295 0.78580729 0.03835227 0.08723958
