1 0.49822443 0.89778646 0.01775568 0.06640625
0 0.77663352 0.97721354 0.02201705 0.04296875
1 0.19282670 0.80533854 0.01633523 0.04557292
1 0.15127841 0.90559896 0.01562500 0.04817708
0 0.24431818 0.80273438 0.01562500 0.03515625
0 0.89346591 0.64257812 0.01562500 0.03515625
1 0.26420455 0.59505208 0.01420455 0.03645833
0 0.86186080 0.92708333 0.01633523 0.03125000
1 0.48011364 0.44075521 0.01278409 0.04036458
0 0.60901989 0.56315104 0.01491477 0.03255208
0 0.91938920 0.82877604 0.01491477 0.02734375
0 0.32173295 0.51041667 0.01278409 0.02343750
0 0.50213068 0.37955729 0.00994318 0.01953125
1 0.70490057 0.72851562 0.01775568 0.04817708
2 0.66228693 0.97005208 0.01633523 0.04427083
0 0.95490057 0.84375000 0.01349432 0.02343750
1 0.27166193 0.35221354 0.00923295 0.02994792
