1 0.11541193 0.92513021 0.03906250 0.14192708
1 0.08629261 0.65104167 0.02201705 0.10156250
2 0.10937500 0.73372396 0.02414773 0.08984375
2 0.09836648 0.77148438 0.02627841 0.10026042
0 0.07776989 0.80598958 0.03764205 0.11458333
0 0.56001420 0.59700521 0.02627841 0.05078125
0 0.16299716 0.58072917 0.02343750 0.05208333
0 0.35973011 0.53710938 0.01917614 0.06119792
0 0.33629261 0.50065104 0.01775568 0.02734375
1 0.06498580 0.56575521 0.01775568 0.09765625
0 0.94105114 0.45898438 0.01278409 0.02473958
2 0.07954545 0.72786458 0.01420455 0.02864583
0 0.07776989 0.57486979 0.01633523 0.05859375
0 0.76562500 0.59309896 0.02414773 0.04557292
