0 0.35191761 0.92708333 0.03622159 0.08333333
1 0.81853693 0.88932292 0.02485795 0.11197917
2 0.90518466 0.75976562 0.02201705 0.08463542
2 0.83771307 0.78776042 0.02201705 0.07812500
2 0.62144886 0.65104167 0.02272727 0.06770833
2 0.87748580 0.71940104 0.01917614 0.07682292
0 0.56214489 0.69466146 0.02769886 0.05078125
2 0.18039773 0.77278646 0.02272727 0.06119792
0 0.56711648 0.50911458 0.02059659 0.05468750
0 0.14062500 0.80013021 0.02272727 0.04557292
2 0.97940341 0.68554688 0.01704545 0.05338542
2 0.94637784 0.81966146 0.02485795 0.08723958
2 0.97514205 0.74218750 0.01988636 0.08854167
2 0.86470170 0.74934896 0.02201705 0.07942708
1 0.88032670 0.59375000 0.01775568 0.09635417
0 0.44495739 0.79166667 0.02769886 0.04947917
0 0.77024148 0.73567708 0.02769886 0.04687500
2 0.97975852 0.60872396 0.01633523 0.06119792
2 0.02840909 0.85611979 0.01846591 0.04557292
