2 0.61931818 0.63541667 0.02698864 0.11718750
2 0.42009943 0.83203125 0.02343750 0.05729167
2 0.38707386 0.65429688 0.02414773 0.10286458
2 0.68750000 0.89388021 0.02982955 0.12369792
0 0.21200284 0.70507812 0.04474432 0.11848958
0 0.33487216 0.79166667 0.04190341 0.10677083
2 0.19815341 0.98046875 0.02130682 0.03645833
0 0.36434659 0.51627604 0.02272727 0.05859375
0 0.83274148 0.85481771 0.03053977 0.06119792
0 0.44992898 0.45898438 0.02627841 0.06380208
0 0.56711648 0.42122396 0.02201705 0.03776042
1 0.10333807 0.92447917 0.03053977 0.11979167
1 0.94921875 0.93033854 0.02769886 0.09505208
0 0.31640625 0.67903646 0.02201705 0.03515625
