2 0.51384943 0.82812500 0.02201705 0.07291667
2 0.34907670 0.79492188 0.02059659 0.05859375
0 0.14737216 0.88671875 0.02201705 0.05208333
0 0.30007102 0.77929688 0.02201705 0.05078125
2 0.99325284 0.63346354 0.01207386 0.04557292
0 0.86399148 0.96354167 0.02343750 0.04687500
2 0.31924716 0.80533854 0.01775568 0.04557292
0 0.51100852 0.54166667 0.01349432 0.04166667
0 0.59552557 0.53515625 0.01349432 0.03906250
0 0.14098011 0.69986979 0.01349432 0.03255208
0 0.48117898 0.54947917 0.01349432 0.02864583
0 0.32883523 0.62890625 0.01420455 0.02604167
0 0.17080966 0.59375000 0.01207386 0.02343750
