2 0.46271307 0.91210938 0.02627841 0.10807292
1 0.46129261 0.80598958 0.02201705 0.11979167
0 0.06107955 0.67838542 0.01988636 0.05989583
1 0.43323864 0.84309896 0.02130682 0.11328125
0 0.42613636 0.67643229 0.02840909 0.08203125
0 0.52734375 0.71679688 0.02769886 0.06901042
0 0.42826705 0.92187500 0.03125000 0.05989583
0 0.48970170 0.87695312 0.02485795 0.06901042
0 0.17187500 0.68489583 0.02272727 0.04166667
1 0.57812500 0.44726562 0.00994318 0.05598958
0 0.58238636 0.46614583 0.01136364 0.03125000
0 0.30859375 0.54101562 0.01633523 0.01953125
