0 0.23082386 0.81119792 0.02982955 0.08333333
0 0.14950284 0.74804688 0.02485795 0.06380208
2 0.94353693 0.89648438 0.02201705 0.05859375
2 0.86754261 0.86653646 0.03053977 0.03776042
2 0.59872159 0.91861979 0.02414773 0.04557292
0 0.95099432 0.32161458 0.01136364 0.02083333
2 0.50745739 0.54557292 0.01917614 0.07291667
0 0.64701705 0.86718750 0.01846591 0.05468750
0 0.63458807 0.79622396 0.01633523 0.05078125
0 0.38920455 0.54687500 0.02130682 0.03645833
0 0.26171875 0.39062500 0.01491477 0.04166667
0 0.19282670 0.48763021 0.01633523 0.02994792
0 0.60475852 0.27278646 0.01065341 0.01953125
