1 0.47017045 0.80403646 0.03409091 0.19921875
2 0.88991477 0.67187500 0.04403409 0.08593750
0 0.46022727 0.66471354 0.03409091 0.10807292
0 0.71058239 0.42122396 0.03053977 0.09765625
2 0.44992898 0.55533854 0.01775568 0.04036458
2 0.67684659 0.89973958 0.02414773 0.02083333
1 0.80539773 0.49218750 0.03551136 0.17968750
0 0.74715909 0.44921875 0.03977273 0.13281250
0 0.27343750 0.78580729 0.03409091 0.06380208
2 0.66015625 0.40559896 0.01775568 0.07161458
2 0.60973011 0.33463542 0.01349432 0.04427083
