1 0.93146307 0.77408854 0.03906250 0.15494792
2 0.13210227 0.67252604 0.03125000 0.11067708
2 0.92116477 0.68424479 0.02130682 0.08463542
0 0.08877841 0.81184896 0.03267045 0.05859375
0 0.85795455 0.68229167 0.02982955 0.05729167
2 0.19779830 0.75651042 0.03338068 0.08854167
2 0.64026989 0.34830729 0.01065341 0.02734375
2 0.61505682 0.39778646 0.00994318 0.04817708
2 0.07208807 0.71549479 0.02201705 0.04036458
2 0.69140625 0.41406250 0.01065341 0.03906250
2 0.53515625 0.33268229 0.01207386 0.03515625
2 0.65269886 0.34440104 0.01278409 0.02734375
2 0.68394886 0.41276042 0.00852273 0.02864583
0 0.63955966 0.38802083 0.01349432 0.05729167
