1 0.18821023 0.76432292 0.01988636 0.08072917
2 0.35653409 0.93229167 0.01988636 0.04947917
2 0.47407670 0.94466146 0.01775568 0.07421875
1 0.63210227 0.68098958 0.01988636 0.07552083
2 0.25461648 0.83138021 0.01633523 0.05598958
2 0.47975852 0.88085938 0.01775568 0.03255208
2 0.60440341 0.66861979 0.01278409 0.02994792
1 0.40909091 0.78906250 0.01420455 0.04166667
0 0.67578125 0.56380208 0.01491477 0.04687500
0 0.85546875 0.57942708 0.01491477 0.04166667
0 0.79403409 0.81901042 0.02130682 0.03385417
2 0.33913352 0.56250000 0.01207386 0.03645833
0 0.60653409 0.50260417 0.01420455 0.02083333
0 0.71448864 0.56770833 0.01278409 0.04166667
0 0.54545455 0.52669271 0.01278409 0.02473958
1 0.38494318 0.57226562 0.01278409 0.05078125
0 0.25177557 0.61914062 0.01491477 0.04817708
0 0.93643466 0.56054688 0.01349432 0.03776042
2 0.02805398 0.85937500 0.01775568 0.02864583
2 0.81853693 0.85026042 0.02059659 0.05989583
