1 0.20632102 0.73763021 0.02627841 0.13411458
0 0.58025568 0.82356771 0.03693182 0.09505208
2 0.09019886 0.95312500 0.03409091 0.09114583
2 0.34161932 0.96223958 0.02982955 0.07291667
1 0.41477273 0.77929688 0.02130682 0.08723958
1 0.39914773 0.70052083 0.01704545 0.10156250
0 0.75710227 0.96093750 0.04403409 0.07552083
1 0.21875000 0.94466146 0.02982955 0.10807292
1 0.82173295 0.88411458 0.02698864 0.10156250
0 0.14524148 0.96028646 0.03196023 0.07421875
2 0.29723011 0.96223958 0.03053977 0.07031250
2 0.17116477 0.81510417 0.02414773 0.06510417
0 0.70063920 0.54361979 0.01917614 0.04557292
