2 0.86647727 0.94726562 0.02556818 0.08203125
2 0.27592330 0.93684896 0.02627841 0.07942708
2 0.89026989 0.96354167 0.02485795 0.07031250
2 0.90234375 0.89518229 0.02201705 0.07682292
0 0.45028409 0.79101562 0.02698864 0.05859375
2 0.83771307 0.96875000 0.02343750 0.05989583
2 0.89630682 0.72395833 0.01846591 0.06770833
0 0.84623580 0.84895833 0.01775568 0.04427083
2 0.76598011 0.71028646 0.01491477 0.04817708
0 0.64701705 0.57421875 0.01562500 0.04427083
0 0.73117898 0.64127604 0.01775568 0.02994792
0 0.87961648 0.88736979 0.02343750 0.05078125
0 0.72265625 0.76757812 0.02343750 0.05078125
2 0.40376420 0.74153646 0.01775568 0.06380208
2 0.44708807 0.71484375 0.01775568 0.05208333
2 0.91193182 0.83268229 0.01704545 0.05338542
2 0.95276989 0.73697917 0.01491477 0.05729167
2 0.98224432 0.69726562 0.01420455 0.05598958
2 0.96413352 0.71549479 0.01349432 0.05598958
