0 0.67755682 0.73958333 0.01988636 0.05468750
1 0.47833807 0.93229167 0.01775568 0.06250000
0 0.40802557 0.75260417 0.01917614 0.05208333
0 0.15234375 0.83984375 0.02059659 0.03645833
2 0.30681818 0.89908854 0.01704545 0.04036458
2 0.05007102 0.84895833 0.01491477 0.02864583
2 0.18288352 0.53125000 0.01065341 0.03125000
0 0.45738636 0.92708333 0.02272727 0.06770833
0 0.54048295 0.67708333 0.01704545 0.04947917
1 0.65092330 0.87239583 0.01491477 0.05468750
2 0.24147727 0.68554688 0.01278409 0.03255208
2 0.65660511 0.59309896 0.01065341 0.03515625
