1 0.75603693 0.62500000 0.02343750 0.12500000
1 0.50603693 0.82291667 0.03053977 0.16666667
2 0.46875000 0.90104167 0.02982955 0.11979167
1 0.19353693 0.53710938 0.01775568 0.09244792
1 0.73615057 0.56575521 0.02201705 0.11328125
2 0.60546875 0.84960938 0.03480114 0.12890625
2 0.68963068 0.71679688 0.02698864 0.10546875
1 0.84019886 0.44531250 0.01420455 0.07291667
1 0.78835227 0.49153646 0.01704545 0.08723958
1 0.85404830 0.41992188 0.01349432 0.06640625
0 0.51384943 0.96484375 0.03906250 0.06770833
0 0.20490057 0.85677083 0.05042614 0.09895833
0 0.25887784 0.45247396 0.01917614 0.07161458
2 0.89275568 0.41601562 0.01136364 0.04036458
2 0.25497159 0.58268229 0.01704545 0.03515625
0 0.39666193 0.59635417 0.03764205 0.08333333
0 0.56640625 0.36132812 0.02911932 0.08984375
1 0.20525568 0.51497396 0.01420455 0.08203125
1 0.75213068 0.30468750 0.01704545 0.05468750
2 0.21413352 0.53320312 0.01491477 0.04036458
0 0.49680398 0.42122396 0.01633523 0.04557292
0 0.81889205 0.70377604 0.02698864 0.07942708
1 0.87606534 0.39518229 0.01065341 0.05859375
0 0.21981534 0.51302083 0.01633523 0.03385417
0 0.17080966 0.49348958 0.01633523 0.04166667
0 0.81250000 0.34765625 0.01988636 0.07031250
