1 0.64453125 0.88606771 0.02059659 0.09505208
0 0.25497159 0.86848958 0.02556818 0.07031250
0 0.71377841 0.96744792 0.02840909 0.06250000
1 0.68856534 0.72591146 0.01775568 0.07942708
0 0.23508523 0.63216146 0.02414773 0.05078125
0 0.22798295 0.74609375 0.01988636 0.05729167
1 0.40305398 0.58854167 0.01491477 0.06510417
1 0.05717330 0.59505208 0.01349432 0.06770833
0 0.71981534 0.67643229 0.01775568 0.04817708
0 0.28373580 0.78320312 0.02201705 0.03255208
1 0.41122159 0.56510417 0.01278409 0.05468750
0 0.43252841 0.63606771 0.01846591 0.03515625
0 0.36008523 0.58919271 0.01420455 0.04296875
1 0.77521307 0.52994792 0.01065341 0.05208333
1 0.78693182 0.49609375 0.00994318 0.04166667
0 0.33203125 0.53059896 0.01349432 0.02213542
2 0.69744318 0.92187500 0.02414773 0.08072917
0 0.28444602 0.85156250 0.02201705 0.08072917
1 0.21235795 0.82096354 0.02130682 0.08203125
1 0.71555398 0.79296875 0.01917614 0.08854167
0 0.66832386 0.80794271 0.02272727 0.07161458
2 0.74467330 0.82031250 0.02059659 0.07031250
2 0.66938920 0.94401042 0.02343750 0.06250000
1 0.75213068 0.75716146 0.01704545 0.07161458
2 0.73757102 0.72721354 0.01917614 0.06380208
0 0.19211648 0.71875000 0.01917614 0.05208333
2 0.14240057 0.67317708 0.01633523 0.05208333
1 0.43039773 0.53971354 0.01136364 0.05598958
1 0.06356534 0.53190104 0.00781250 0.03776042
