2 0.55823864 0.74153646 0.01846591 0.04036458
0 0.16512784 0.82942708 0.02485795 0.06510417
2 0.69850852 0.98242188 0.02485795 0.03255208
0 0.74396307 0.62565104 0.02343750 0.06901042
0 0.26207386 0.76302083 0.02698864 0.04687500
1 0.29900568 0.81966146 0.01704545 0.08203125
1 0.45596591 0.85026042 0.01988636 0.06770833
2 0.47798295 0.86263021 0.01988636 0.07682292
0 0.05184659 0.66406250 0.01562500 0.02864583
0 0.68927557 0.41341146 0.01349432 0.02213542
0 0.42826705 0.48632812 0.01704545 0.02473958
0 0.31072443 0.52018229 0.01633523 0.03255208
0 0.58451705 0.53645833 0.01704545 0.03125000
0 0.08132102 0.61588542 0.01207386 0.02343750
