1 0.70028409 0.89192708 0.02556818 0.13020833
0 0.19424716 0.94791667 0.03338068 0.09635417
0 0.21271307 0.81054688 0.02627841 0.08723958
0 0.79545455 0.97526042 0.03125000 0.04687500
0 0.16228693 0.67968750 0.02343750 0.05729167
2 0.73615057 0.97656250 0.02769886 0.04427083
2 0.88955966 0.61914062 0.01775568 0.06119792
1 0.16299716 0.93424479 0.03338068 0.12890625
1 0.23437500 0.87044271 0.02840909 0.13411458
1 0.75213068 0.81250000 0.02698864 0.13020833
1 0.08096591 0.83593750 0.02840909 0.12239583
1 0.16122159 0.78450521 0.02840909 0.11848958
2 0.83309659 0.91080729 0.03267045 0.09765625
0 0.78373580 0.86002604 0.03196023 0.09244792
0 0.23757102 0.65885417 0.02485795 0.07812500
2 0.92080966 0.65429688 0.01917614 0.06380208
2 0.95490057 0.64778646 0.01917614 0.06380208
1 0.91583807 0.61393229 0.01633523 0.07421875
1 0.66015625 0.48567708 0.01349432 0.07291667
0 0.63742898 0.45377604 0.01633523 0.03515625
2 0.87642045 0.56380208 0.01562500 0.03645833
