1 0.29687500 0.64127604 0.02698864 0.12109375
2 0.65660511 0.86783854 0.02769886 0.08723958
0 0.51100852 0.41536458 0.02201705 0.07812500
1 0.53799716 0.44010417 0.01633523 0.09114583
1 0.68998580 0.58919271 0.02627841 0.11848958
1 0.41938920 0.43880208 0.02485795 0.10156250
1 0.59446023 0.46158854 0.01988636 0.10026042
2 0.67080966 0.49479167 0.02201705 0.06770833
2 0.54012784 0.59440104 0.02059659 0.06380208
1 0.47727273 0.52083333 0.01704545 0.07031250
1 0.56747159 0.30078125 0.01278409 0.04427083
