0 0.71306818 0.89713542 0.02272727 0.05989583
1 0.65909091 0.90364583 0.01562500 0.08333333
2 0.58842330 0.95182292 0.01633523 0.05468750
0 0.27698864 0.72200521 0.01420455 0.04036458
0 0.79794034 0.60546875 0.01065341 0.03645833
1 0.68146307 0.89843750 0.01775568 0.08333333
1 0.60937500 0.88802083 0.01562500 0.08333333
1 0.63920455 0.82291667 0.01420455 0.06250000
2 0.63529830 0.88281250 0.01491477 0.05468750
0 0.59303977 0.91080729 0.01704545 0.04557292
2 0.58167614 0.85221354 0.01420455 0.04817708
2 0.65944602 0.97786458 0.01633523 0.04166667
2 0.60973011 0.95442708 0.01633523 0.03906250
1 0.82670455 0.60546875 0.00994318 0.05729167
0 0.63742898 0.98502604 0.01633523 0.02734375
