1 0.63991477 0.82096354 0.01988636 0.11328125
2 0.56782670 0.91536458 0.02201705 0.09375000
0 0.93217330 0.71614583 0.01775568 0.06770833
0 0.87855114 0.68684896 0.01704545 0.05598958
0 0.35049716 0.64192708 0.01633523 0.05729167
1 0.67258523 0.88671875 0.02414773 0.13020833
0 0.59907670 0.94401042 0.02627841 0.10416667
0 0.27982955 0.71549479 0.02272727 0.07682292
1 0.91228693 0.70117188 0.01917614 0.08723958
0 0.29403409 0.64908854 0.01704545 0.07682292
1 0.89382102 0.66992188 0.01491477 0.07421875
0 0.37393466 0.71744792 0.01775568 0.04427083
