0 0.18501420 0.95182292 0.02911932 0.07812500
2 0.51953125 0.95377604 0.02343750 0.05859375
2 0.75355114 0.89062500 0.02414773 0.08072917
0 0.69921875 0.65169271 0.02627841 0.07421875
0 0.30326705 0.61523438 0.02130682 0.06640625
0 0.43181818 0.56445312 0.02414773 0.06380208
2 0.55220170 0.83984375 0.02201705 0.05468750
2 0.08948864 0.66536458 0.01278409 0.02864583
0 0.06995739 0.64843750 0.01633523 0.04687500
0 0.05752841 0.93424479 0.02840909 0.05338542
2 0.85191761 0.65494792 0.01065341 0.03125000
0 0.03551136 0.64908854 0.01420455 0.03515625
