1 0.34232955 0.76367188 0.01420455 0.05338542
1 0.73757102 0.79947917 0.01917614 0.08072917
0 0.64737216 0.97265625 0.02343750 0.05208333
2 0.76882102 0.70768229 0.01633523 0.04817708
2 0.26562500 0.98372396 0.01704545 0.02994792
2 0.38068182 0.74609375 0.01704545 0.05468750
2 0.72940341 0.97460938 0.02130682 0.04817708
2 0.71022727 0.83528646 0.01988636 0.05598958
2 0.62002841 0.90299479 0.01704545 0.03255208
0 0.67151989 0.93880208 0.02343750 0.06250000
0 0.84907670 0.72265625 0.01775568 0.04947917
0 0.50852273 0.46484375 0.01278409 0.02604167
2 0.74573864 0.86914062 0.02414773 0.07161458
