0 0.20454545 0.76888021 0.02698864 0.07161458
0 0.18678977 0.91796875 0.03125000 0.07291667
0 0.60724432 0.72200521 0.02414773 0.04296875
0 0.70596591 0.65950521 0.02130682 0.03776042
0 0.15482955 0.74869792 0.02414773 0.04166667
1 0.73792614 0.75195312 0.02130682 0.10807292
1 0.66335227 0.83072917 0.02414773 0.12500000
2 0.62500000 0.87500000 0.02556818 0.09375000
2 0.64808239 0.95963542 0.02911932 0.07812500
2 0.69424716 0.90234375 0.02911932 0.10416667
2 0.60440341 0.96549479 0.02840909 0.06640625
2 0.75426136 0.85546875 0.02556818 0.08854167
2 0.75994318 0.73177083 0.01988636 0.07552083
2 0.83309659 0.63606771 0.01420455 0.05338542
2 0.85511364 0.64908854 0.01278409 0.05078125
