2 0.56427557 0.59049479 0.02343750 0.08984375
2 0.48473011 0.59960938 0.02343750 0.08723958
1 0.36328125 0.25911458 0.01349432 0.06510417
2 0.84446023 0.88867188 0.03125000 0.08203125
2 0.21590909 0.77799479 0.02130682 0.06901042
0 0.36683239 0.71549479 0.03196023 0.08463542
2 0.19211648 0.89388021 0.02485795 0.08203125
1 0.43181818 0.42773438 0.02982955 0.13932292
0 0.88068182 0.89778646 0.03125000 0.07421875
1 0.33274148 0.37044271 0.02769886 0.09505208
0 0.94495739 0.69205729 0.02627841 0.06380208
1 0.50745739 0.23632812 0.01491477 0.07161458
2 0.71839489 0.33658854 0.01917614 0.05598958
1 0.93821023 0.61328125 0.02130682 0.08072917
0 0.37428977 0.96093750 0.04119318 0.07552083
2 0.84375000 0.44010417 0.01420455 0.02864583
1 0.60724432 0.60742188 0.02982955 0.13151042
2 0.92080966 0.75000000 0.02627841 0.08593750
2 0.95632102 0.82161458 0.03480114 0.09635417
