1 0.94779830 0.94010417 0.03622159 0.11718750
2 0.12251420 0.71744792 0.03622159 0.09375000
1 0.98224432 0.95442708 0.03267045 0.08854167
0 0.95951705 0.86588542 0.03267045 0.07812500
1 0.53515625 0.65169271 0.01917614 0.12369792
1 0.95205966 0.61197917 0.01775568 0.11197917
2 0.26242898 0.64062500 0.02059659 0.07552083
1 0.94957386 0.51106771 0.01562500 0.07421875
1 0.15305398 0.62565104 0.01633523 0.06640625
2 0.22620739 0.62434896 0.02059659 0.04557292
0 0.34907670 0.50781250 0.01917614 0.03645833
1 0.98366477 0.75455729 0.02982955 0.12369792
1 0.57670455 0.76171875 0.02272727 0.10156250
2 0.50958807 0.75390625 0.02769886 0.07031250
0 0.99041193 0.85221354 0.01917614 0.07942708
