1 0.42151989 0.62500000 0.01491477 0.07552083
1 0.44176136 0.62890625 0.01420455 0.07812500
2 0.25284091 0.92968750 0.02272727 0.06510417
1 0.26740057 0.63802083 0.01349432 0.04427083
0 0.24183239 0.96354167 0.02769886 0.07031250
2 0.36825284 0.47721354 0.01207386 0.04557292
0 0.53231534 0.70377604 0.02059659 0.05859375
0 0.18892045 0.64583333 0.01846591 0.05468750
0 0.65696023 0.97135417 0.02698864 0.04166667
0 0.46946023 0.66406250 0.01704545 0.05208333
0 0.55823864 0.43424479 0.01278409 0.04296875
0 0.30717330 0.91210938 0.01917614 0.06380208
0 0.47869318 0.61458333 0.01704545 0.08072917
1 0.69566761 0.63020833 0.01775568 0.07031250
1 0.87464489 0.47070312 0.01349432 0.05338542
0 0.17365057 0.71744792 0.01775568 0.04427083
0 0.63032670 0.38020833 0.01207386 0.02083333
