0 0.81250000 0.64908854 0.04119318 0.10807292
1 0.54261364 0.55078125 0.02414773 0.13802083
1 0.74254261 0.82552083 0.02627841 0.12239583
2 0.74431818 0.94921875 0.02556818 0.09375000
1 0.18821023 0.67252604 0.02130682 0.10807292
2 0.81072443 0.89583333 0.02485795 0.07552083
2 0.71981534 0.97005208 0.02769886 0.05729167
2 0.72478693 0.80859375 0.01917614 0.07812500
2 0.21271307 0.70703125 0.01917614 0.06510417
2 0.78586648 0.67513021 0.01633523 0.06119792
1 0.14417614 0.48046875 0.01420455 0.07031250
2 0.17258523 0.67122396 0.01846591 0.05338542
0 0.83380682 0.54036458 0.01704545 0.04947917
0 0.47052557 0.50976562 0.01491477 0.04817708
1 0.43181818 0.46223958 0.01136364 0.04687500
2 0.45809659 0.48763021 0.01136364 0.04296875
0 0.66974432 0.92903646 0.03409091 0.09505208
1 0.76455966 0.89192708 0.02343750 0.13020833
0 0.70312500 0.84244792 0.02698864 0.08072917
2 0.77379261 0.79036458 0.02485795 0.08072917
0 0.24431818 0.68880208 0.02130682 0.06770833
0 0.18252841 0.72135417 0.02130682 0.06510417
0 0.80078125 0.41666667 0.01775568 0.04947917
2 0.81960227 0.85351562 0.01704545 0.03515625
