0 0.28835227 0.87760417 0.02698864 0.07552083
1 0.25461648 0.85937500 0.02343750 0.08333333
0 0.39666193 0.69205729 0.02343750 0.05598958
1 0.19069602 0.58138021 0.01633523 0.07682292
2 0.30326705 0.75000000 0.01846591 0.06770833
1 0.82599432 0.54036458 0.01136364 0.04427083
2 0.81463068 0.69075521 0.01420455 0.03515625
2 0.36186080 0.42252604 0.00923295 0.03515625
2 0.23615057 0.81119792 0.02059659 0.07291667
2 0.29296875 0.77343750 0.01917614 0.07291667
0 0.19602273 0.73372396 0.02130682 0.04296875
0 0.77024148 0.60351562 0.01775568 0.04817708
2 0.34161932 0.80729167 0.01846591 0.04687500
2 0.16796875 0.52929688 0.01491477 0.05598958
0 0.33806818 0.61718750 0.01846591 0.03645833
