2 0.45063920 0.82617188 0.02343750 0.08723958
2 0.14062500 0.80338542 0.01846591 0.04947917
2 0.52805398 0.59960938 0.01775568 0.05338542
0 0.36612216 0.58723958 0.02201705 0.03906250
2 0.56889205 0.58528646 0.01704545 0.04557292
1 0.17151989 0.73567708 0.02343750 0.08333333
0 0.65447443 0.83463542 0.03338068 0.05729167
2 0.32812500 0.94986979 0.02556818 0.05859375
0 0.69247159 0.46549479 0.01846591 0.06901042
0 0.81321023 0.77929688 0.02414773 0.04296875
1 0.74538352 0.60351562 0.01491477 0.06119792
0 0.35653409 0.47786458 0.01562500 0.03645833
