2 0.79296875 0.91406250 0.03906250 0.11197917
2 0.86576705 0.84960938 0.03409091 0.10286458
2 0.96590909 0.82356771 0.02840909 0.07161458
0 0.92471591 0.77343750 0.02414773 0.08072917
0 0.30965909 0.67773438 0.02556818 0.06640625
1 0.58842330 0.54101562 0.02059659 0.07682292
1 0.23615057 0.36523438 0.01491477 0.07682292
0 0.44389205 0.34309896 0.01420455 0.05598958
0 0.21200284 0.36393229 0.01349432 0.05078125
1 0.14275568 0.77408854 0.01420455 0.04036458
0 0.42116477 0.31119792 0.01278409 0.04166667
1 0.23863636 0.78710938 0.02840909 0.11848958
1 0.77805398 0.82617188 0.02627841 0.11328125
2 0.30965909 0.67513021 0.02556818 0.05859375
1 0.18288352 0.52278646 0.01633523 0.09244792
1 0.22372159 0.52278646 0.01562500 0.08203125
2 0.24680398 0.53320312 0.01775568 0.05598958
2 0.73046875 0.98502604 0.02769886 0.02734375
0 0.15802557 0.56705729 0.01917614 0.03776042
0 0.78693182 0.48502604 0.01846591 0.02994792
