0 0.63849432 0.72786458 0.02840909 0.05208333
0 0.12002841 0.80403646 0.02414773 0.05859375
1 0.72762784 0.66406250 0.02059659 0.04947917
2 0.90127841 0.85677083 0.02130682 0.04427083
2 0.24076705 0.84700521 0.02272727 0.03255208
2 0.03764205 0.50716146 0.01278409 0.03776042
0 0.38458807 0.45638021 0.01491477 0.02473958
0 0.05610795 0.48307292 0.01278409 0.02864583
0 0.15092330 0.71354167 0.02485795 0.05989583
2 0.74964489 0.70833333 0.01917614 0.06510417
0 0.36079545 0.42447917 0.01846591 0.05729167
0 0.70561080 0.41341146 0.01633523 0.05338542
0 0.77059659 0.42838542 0.01704545 0.04427083
