1 0.69602273 0.85481771 0.02272727 0.10026042
2 0.40660511 0.75065104 0.02059659 0.07421875
2 0.12571023 0.80664062 0.02272727 0.06640625
0 0.32208807 0.72265625 0.02485795 0.05208333
1 0.66974432 0.57161458 0.01420455 0.08333333
2 0.07634943 0.71354167 0.01633523 0.05468750
2 0.11612216 0.76432292 0.01633523 0.04427083
2 0.91335227 0.75781250 0.01704545 0.05729167
2 0.48899148 0.83658854 0.02059659 0.04296875
0 0.68998580 0.64127604 0.01917614 0.04296875
2 0.10546875 0.68750000 0.01633523 0.04947917
2 0.79829545 0.49283854 0.00994318 0.04296875
