2 0.25461648 0.95768229 0.03053977 0.07942708
2 0.34801136 0.91536458 0.03409091 0.11458333
2 0.45561080 0.33398438 0.01633523 0.03776042
2 0.74041193 0.65299479 0.02485795 0.06380208
1 0.65376420 0.64713542 0.03053977 0.14843750
1 0.78409091 0.64453125 0.03267045 0.14062500
1 0.32954545 0.58528646 0.02272727 0.07421875
1 0.61257102 0.36588542 0.01633523 0.05729167
1 0.35511364 0.39388021 0.01420455 0.04296875
0 0.91441761 0.95833333 0.03622159 0.07291667
0 0.97904830 0.61523438 0.02627841 0.06119792
0 0.68998580 0.66276042 0.03338068 0.05468750
