0 0.18708333 0.86662946 0.02916667 0.04575893
2 0.33291667 0.65457589 0.01750000 0.03236607
0 0.61125000 0.66573661 0.02083333 0.02566964
0 0.27750000 0.58537946 0.01500000 0.02790179
0 0.56791667 0.58035714 0.01583333 0.02455357
2 0.26458333 0.81082589 0.02250000 0.04129464
1 0.61458333 0.46149554 0.01583333 0.05691964
1 0.23083333 0.73325893 0.01666667 0.04910714
0 0.80000000 0.50948661 0.01500000 0.03906250
2 0.56791667 0.58035714 0.01583333 0.02455357
2 0.38791667 0.44196429 0.01250000 0.02008929
