1 0.69034091 0.57161458 0.02130682 0.10937500
2 0.88210227 0.90559896 0.02556818 0.07942708
2 0.44992898 0.64843750 0.02059659 0.05989583
0 0.72620739 0.51562500 0.01917614 0.05208333
2 0.63778409 0.62369792 0.01846591 0.03385417
2 0.13991477 0.59309896 0.01562500 0.03515625
1 0.17578125 0.76562500 0.03053977 0.10156250
1 0.33380682 0.68880208 0.02556818 0.09375000
0 0.40625000 0.69335938 0.02840909 0.08203125
0 0.22088068 0.81250000 0.02840909 0.05989583
2 0.82102273 0.63346354 0.01846591 0.04296875
