0 0.51171875 0.92187500 0.03764205 0.08333333
1 0.76775568 0.67643229 0.02414773 0.11588542
2 0.70383523 0.87174479 0.02840909 0.07942708
2 0.80291193 0.73372396 0.02627841 0.08723958
0 0.27769886 0.70182292 0.03267045 0.06770833
0 0.82599432 0.58854167 0.02414773 0.07812500
0 0.72762784 0.66015625 0.02485795 0.05989583
2 0.89240057 0.60091146 0.01917614 0.06901042
0 0.46910511 0.57552083 0.02201705 0.04427083
1 0.57315341 0.90950521 0.03125000 0.15234375
0 0.61612216 0.84440104 0.03196023 0.10026042
2 0.74609375 0.84700521 0.03196023 0.10026042
2 0.82350852 0.73046875 0.02485795 0.09114583
1 0.85724432 0.63671875 0.02272727 0.09635417
2 0.15482955 0.81250000 0.02130682 0.04687500
0 0.86683239 0.52604167 0.01917614 0.04427083
0 0.20383523 0.56380208 0.01562500 0.02864583
