1 0.73437500 0.86132812 0.02272727 0.10286458
1 0.66015625 0.81250000 0.01917614 0.09635417
2 0.63636364 0.81119792 0.01988636 0.06510417
2 0.81178977 0.59440104 0.01278409 0.03776042
2 0.57102273 0.68359375 0.01562500 0.02604167
2 0.68501420 0.60546875 0.01491477 0.02864583
1 0.32031250 0.91796875 0.02556818 0.07812500
2 0.70205966 0.95247396 0.02485795 0.07682292
0 0.22478693 0.87304688 0.02769886 0.05598958
0 0.27024148 0.78710938 0.02627841 0.05598958
0 0.58203125 0.97916667 0.03480114 0.03906250
2 0.89559659 0.66992188 0.01562500 0.04817708
0 0.19211648 0.66471354 0.01775568 0.04036458
2 0.39382102 0.65299479 0.01633523 0.02994792
