1 0.63316761 0.83138021 0.04474432 0.12109375
2 0.65589489 0.95768229 0.02343750 0.05338542
1 0.38813920 0.52083333 0.01491477 0.05468750
1 0.41974432 0.45247396 0.01420455 0.05598958
2 0.23224432 0.79427083 0.01846591 0.05208333
0 0.27805398 0.77799479 0.02911932 0.07161458
0 0.19815341 0.75195312 0.02556818 0.07682292
0 0.50497159 0.35807292 0.01704545 0.03385417
0 0.85156250 0.46158854 0.01420455 0.02734375
0 0.06285511 0.59244792 0.01917614 0.06250000
0 0.23650568 0.63541667 0.02272727 0.04947917
0 0.68998580 0.28320312 0.01065341 0.01953125
0 0.03515625 0.68033854 0.02059659 0.04817708
