0 0.43110795 0.35937500 0.02982955 0.09375000
1 0.49857955 0.53906250 0.02414773 0.11718750
1 0.41512784 0.74479167 0.02059659 0.09895833
0 0.67933239 0.63867188 0.03764205 0.10546875
1 0.42542614 0.70247396 0.02272727 0.12369792
1 0.45703125 0.68424479 0.01917614 0.11588542
1 0.44034091 0.66536458 0.01704545 0.12760417
2 0.67755682 0.78515625 0.02698864 0.07291667
2 0.54971591 0.49088542 0.02414773 0.08072917
0 0.38884943 0.75455729 0.03338068 0.05338542
1 0.54438920 0.36067708 0.01633523 0.10937500
0 0.43110795 0.33854167 0.03125000 0.05208333
1 0.37215909 0.64973958 0.02130682 0.07031250
2 0.58167614 0.67578125 0.02130682 0.04166667
0 0.66796875 0.43033854 0.01349432 0.03776042
