0 0.38458807 0.95052083 0.03338068 0.09635417
0 0.58877841 0.96028646 0.02982955 0.07682292
0 0.32492898 0.66536458 0.02201705 0.03906250
2 0.50603693 0.98307292 0.02485795 0.03125000
0 0.27947443 0.61914062 0.01917614 0.04036458
0 0.19744318 0.51041667 0.01136364 0.02604167
0 0.20561080 0.46679688 0.01349432 0.03776042
1 0.55539773 0.96028646 0.02414773 0.07682292
0 0.98366477 0.79231771 0.02414773 0.07421875
1 0.52627841 0.88020833 0.02414773 0.12500000
1 0.42045455 0.92708333 0.02698864 0.14062500
0 0.47443182 0.97916667 0.03267045 0.03906250
0 0.22975852 0.78841146 0.02201705 0.03776042
2 0.45419034 0.87825521 0.02485795 0.10026042
2 0.56427557 0.90625000 0.02627841 0.10416667
0 0.21448864 0.69401042 0.01846591 0.03906250
0 0.58593750 0.68164062 0.01988636 0.03515625
0 0.84481534 0.62500000 0.01491477 0.02343750
0 0.74005682 0.56575521 0.01278409 0.03515625
1 0.18750000 0.49869792 0.01136364 0.04947917
0 0.16015625 0.52018229 0.01065341 0.03515625
0 0.64772727 0.71875000 0.02698864 0.07291667
0 0.94957386 0.93750000 0.02272727 0.04166667
