1 0.16583807 0.79882812 0.02343750 0.06380208
1 0.31427557 0.76432292 0.01491477 0.05208333
2 0.94211648 0.73177083 0.01633523 0.04947917
2 0.20383523 0.90299479 0.02130682 0.04817708
1 0.37002841 0.72070312 0.01846591 0.04557292
2 0.17755682 0.90429688 0.02272727 0.05338542
1 0.19424716 0.50390625 0.01349432 0.05468750
1 0.22407670 0.96679688 0.02343750 0.06380208
2 0.57173295 0.92643229 0.01846591 0.03255208
2 0.95987216 0.47135417 0.01207386 0.03645833
2 0.93075284 0.72786458 0.01775568 0.04687500
2 0.91299716 0.74218750 0.01633523 0.04166667
2 0.35085227 0.69596354 0.01562500 0.03776042
0 0.50568182 0.88671875 0.02414773 0.05989583
2 0.30042614 0.64062500 0.01846591 0.03906250
0 0.70276989 0.59505208 0.01775568 0.03645833
1 0.66335227 0.52799479 0.01420455 0.07421875
2 0.49893466 0.39648438 0.01207386 0.02734375
1 0.82208807 0.40169271 0.00923295 0.03255208
2 0.72052557 0.54296875 0.01349432 0.02083333
1 0.66406250 0.50911458 0.01136364 0.03645833
0 0.95348011 0.79036458 0.02059659 0.04947917
