0 0.59801136 0.72200521 0.02698864 0.05598958
0 0.23153409 0.51627604 0.02840909 0.09244792
2 0.39169034 0.63671875 0.02201705 0.05208333
2 0.55255682 0.82812500 0.02698864 0.09375000
0 0.79083807 0.98111979 0.02769886 0.03776042
0 0.62073864 0.61132812 0.01562500 0.05598958
1 0.13210227 0.68164062 0.02840909 0.16015625
0 0.48934659 0.47460938 0.01704545 0.02994792
0 0.62393466 0.54752604 0.01775568 0.04817708
1 0.12890625 0.64453125 0.02201705 0.08333333
0 0.23401989 0.41210938 0.02485795 0.06119792
1 0.43927557 0.55533854 0.01491477 0.05859375
