1 0.93714489 0.68098958 0.02769886 0.14062500
2 0.87784091 0.92317708 0.03409091 0.14322917
2 0.69637784 0.70247396 0.02627841 0.09505208
1 0.56072443 0.51757812 0.01917614 0.07942708
0 0.34161932 0.64062500 0.02556818 0.04687500
0 0.64985795 0.59765625 0.03409091 0.08593750
0 0.94389205 0.44140625 0.02130682 0.07552083
0 0.14098011 0.82552083 0.01917614 0.04687500
0 0.53480114 0.51822917 0.02272727 0.04427083
0 0.43963068 0.43294271 0.01704545 0.02734375
1 0.58913352 0.26822917 0.00923295 0.03125000
