1 0.31214489 0.91341146 0.02627841 0.10546875
2 0.51207386 0.62890625 0.01988636 0.10156250
0 0.29758523 0.62695312 0.02556818 0.07421875
2 0.69034091 0.91731771 0.02414773 0.05338542
1 0.30326705 0.76367188 0.01704545 0.04817708
1 0.81285511 0.59375000 0.01349432 0.04947917
2 0.56356534 0.63997396 0.02485795 0.09505208
2 0.48401989 0.68750000 0.02769886 0.07031250
1 0.30397727 0.74348958 0.01846591 0.09114583
1 0.19850852 0.53125000 0.01917614 0.08072917
2 0.52734375 0.61132812 0.01917614 0.08203125
2 0.66264205 0.56315104 0.01704545 0.04296875
2 0.50887784 0.55338542 0.01633523 0.03906250
