0 0.04190341 0.85221354 0.01988636 0.04817708
2 0.62926136 0.80924479 0.01562500 0.05078125
0 0.23899148 0.67447917 0.01633523 0.05208333
1 0.70738636 0.84570312 0.01704545 0.09765625
2 0.46519886 0.81445312 0.01420455 0.04296875
0 0.42045455 0.81380208 0.02272727 0.04166667
0 0.40127841 0.55924479 0.01136364 0.03776042
0 0.20632102 0.68229167 0.01491477 0.03906250
1 0.66122159 0.76953125 0.01562500 0.06250000
2 0.37677557 0.55273438 0.00781250 0.04036458
0 0.52379261 0.44140625 0.00781250 0.02864583
0 0.51811080 0.39388021 0.00781250 0.02213542
2 0.38671875 0.55989583 0.00781250 0.03385417
