2 0.09836648 0.86653646 0.02911932 0.08723958
2 0.38849432 0.43880208 0.01846591 0.07031250
2 0.58913352 0.47851562 0.01349432 0.03515625
2 0.42862216 0.65234375 0.01775568 0.04166667
2 0.52450284 0.71679688 0.02201705 0.08984375
0 0.44176136 0.51432292 0.02698864 0.07031250
0 0.22052557 0.53580729 0.02485795 0.06901042
0 0.24893466 0.92057292 0.03622159 0.08333333
0 0.96590909 0.62434896 0.01704545 0.03515625
0 0.98579545 0.65104167 0.01420455 0.02343750
0 0.82457386 0.33007812 0.00994318 0.02473958
