1 0.95241477 0.77604167 0.02130682 0.08854167
1 0.96981534 0.60351562 0.01491477 0.06640625
2 0.43323864 0.91731771 0.02272727 0.06380208
2 0.95063920 0.70898438 0.01633523 0.05598958
2 0.14559659 0.91796875 0.01846591 0.05208333
2 0.95419034 0.61197917 0.01349432 0.04687500
2 0.65411932 0.59505208 0.01420455 0.02864583
0 0.96519886 0.93033854 0.02840909 0.07942708
0 0.69921875 0.80794271 0.02343750 0.07942708
0 0.97975852 0.75911458 0.02059659 0.05208333
2 0.05078125 0.98632812 0.01491477 0.02473958
2 0.68252841 0.57486979 0.01278409 0.02213542
2 0.93217330 0.69401042 0.01349432 0.02343750
1 0.97478693 0.66536458 0.01633523 0.07291667
0 0.82386364 0.76367188 0.01704545 0.07161458
0 0.50994318 0.48242188 0.01846591 0.02213542
0 0.92578125 0.94205729 0.02769886 0.05859375
0 0.31711648 0.49544271 0.01775568 0.04036458
0 0.07421875 0.51757812 0.01207386 0.02994792
