2 0.63991477 0.82291667 0.02698864 0.06510417
2 0.72407670 0.78841146 0.03196023 0.08723958
1 0.79723011 0.54231771 0.02059659 0.08203125
2 0.83842330 0.57291667 0.02059659 0.05729167
0 0.58984375 0.93033854 0.05042614 0.10286458
0 0.70134943 0.59309896 0.02485795 0.04557292
0 0.16370739 0.82161458 0.02485795 0.05729167
0 0.75426136 0.56640625 0.02982955 0.08593750
0 0.38103693 0.86067708 0.03053977 0.07552083
0 0.81782670 0.57356771 0.01775568 0.05078125
0 0.15696023 0.51432292 0.01704545 0.03125000
1 0.85653409 0.54947917 0.01988636 0.07552083
0 0.81924716 0.49934896 0.01491477 0.03515625
0 0.32102273 0.30078125 0.01278409 0.02083333
0 0.18607955 0.57942708 0.01704545 0.03125000
0 0.55078125 0.38151042 0.01775568 0.02343750
0 0.38423295 0.28841146 0.01136364 0.02734375
0 0.74786932 0.29101562 0.01420455 0.01953125
0 0.13032670 0.35872396 0.01207386 0.02213542
2 0.80468750 0.47005208 0.01420455 0.02343750
0 0.81924716 0.53971354 0.01633523 0.02473958
0 0.10014205 0.53320312 0.01562500 0.03515625
0 0.62428977 0.22981771 0.01278409 0.01953125
1 0.83309659 0.53776042 0.01420455 0.05208333
0 0.91122159 0.30468750 0.00994318 0.02864583
0 0.81214489 0.53255208 0.01775568 0.04947917
