1 0.50639205 0.83203125 0.02272727 0.10937500
1 0.45596591 0.75716146 0.01988636 0.07942708
0 0.17826705 0.79427083 0.02414773 0.06250000
2 0.45348011 0.90234375 0.02201705 0.06250000
2 0.94744318 0.81770833 0.01846591 0.05989583
0 0.70419034 0.76888021 0.02343750 0.04296875
0 0.23508523 0.55468750 0.01278409 0.02864583
0 0.36576705 0.57291667 0.01562500 0.02083333
2 0.71271307 0.61979167 0.01775568 0.06250000
0 0.99360795 0.83723958 0.01278409 0.07031250
2 0.15092330 0.76302083 0.01775568 0.04687500
0 0.19744318 0.58138021 0.01420455 0.03776042
0 0.62642045 0.48763021 0.01420455 0.02473958
