1 0.81889205 0.90820312 0.02698864 0.08723958
1 0.86789773 0.79361979 0.02272727 0.08203125
2 0.55859375 0.93554688 0.02627841 0.05598958
1 0.90980114 0.64062500 0.01562500 0.07031250
2 0.34481534 0.85091146 0.02201705 0.08203125
2 0.15589489 0.82942708 0.02059659 0.03645833
2 0.79545455 0.84765625 0.01704545 0.03125000
2 0.93892045 0.87890625 0.02272727 0.06250000
0 0.42223011 0.69270833 0.02201705 0.03906250
1 0.93146307 0.84895833 0.02201705 0.08333333
2 0.90944602 0.59179688 0.01349432 0.04557292
2 0.55930398 0.53385417 0.01349432 0.03125000
2 0.38458807 0.65169271 0.01491477 0.02734375
2 0.89098011 0.62239583 0.01065341 0.02083333
0 0.60830966 0.72656250 0.02343750 0.03906250
0 0.34659091 0.50781250 0.01562500 0.03385417
0 0.24538352 0.59570312 0.01775568 0.05078125
1 0.52343750 0.52539062 0.01278409 0.05859375
1 0.08416193 0.45507812 0.00781250 0.03255208
0 0.91512784 0.86263021 0.02059659 0.05598958
