0 0.43252841 0.84440104 0.03551136 0.06119792
0 0.52130682 0.70377604 0.02698864 0.07682292
0 0.02485795 0.71093750 0.01846591 0.05729167
2 0.67684659 0.67317708 0.01846591 0.03906250
0 0.51882102 0.51888021 0.01207386 0.04036458
1 0.11008523 0.83789062 0.02698864 0.12369792
0 0.39630682 0.96419271 0.03977273 0.06901042
2 0.11612216 0.95507812 0.02911932 0.07161458
2 0.08664773 0.81640625 0.02414773 0.08072917
0 0.73117898 0.72526042 0.02627841 0.05729167
2 0.51917614 0.89192708 0.02698864 0.05468750
2 0.17720170 0.97330729 0.02485795 0.05078125
0 0.13352273 0.86588542 0.02556818 0.03906250
0 0.22194602 0.58854167 0.01917614 0.03906250
2 0.84517045 0.54817708 0.01562500 0.04687500
2 0.18998580 0.98502604 0.02343750 0.02734375
0 0.71732955 0.57096354 0.01846591 0.03515625
1 0.51207386 0.48567708 0.01278409 0.04947917
2 0.49964489 0.50585938 0.01207386 0.04296875
