1 0.64098011 0.78776042 0.02343750 0.12500000
1 0.71910511 0.68359375 0.02201705 0.11718750
2 0.55930398 0.94075521 0.02769886 0.09505208
1 0.68998580 0.70833333 0.02059659 0.11197917
2 0.82776989 0.75846354 0.02343750 0.07682292
0 0.21732955 0.67643229 0.02272727 0.06901042
1 0.76278409 0.52148438 0.01562500 0.08203125
0 0.28906250 0.62369792 0.02130682 0.05989583
0 0.20916193 0.62630208 0.01917614 0.04947917
2 0.26526989 0.61458333 0.01491477 0.05989583
2 0.82563920 0.56575521 0.01491477 0.04817708
0 0.43359375 0.48567708 0.01491477 0.03645833
2 0.78196023 0.46289062 0.01136364 0.04557292
2 0.45596591 0.48046875 0.01136364 0.04427083
0 0.27237216 0.49869792 0.01775568 0.02343750
2 0.61860795 0.93684896 0.02982955 0.11067708
0 0.80539773 0.71809896 0.02272727 0.07421875
1 0.22762784 0.60677083 0.01775568 0.08854167
0 0.27769886 0.66666667 0.02272727 0.06770833
0 0.60546875 0.78580729 0.02911932 0.05078125
2 0.24786932 0.64908854 0.01846591 0.06640625
2 0.73757102 0.56575521 0.01633523 0.06119792
0 0.67116477 0.68880208 0.02272727 0.03906250
0 0.47407670 0.46614583 0.01491477 0.05729167
0 0.17116477 0.61653646 0.01988636 0.03255208
0 0.79829545 0.42838542 0.01136364 0.03906250
1 0.81392045 0.38411458 0.00852273 0.04947917
