0 0.82741477 0.91992188 0.02982955 0.08723958
0 0.40731534 0.82942708 0.02911932 0.08854167
0 0.73508523 0.89908854 0.02698864 0.05338542
0 0.61363636 0.55533854 0.02130682 0.06119792
0 0.21875000 0.83138021 0.02272727 0.04817708
1 0.47798295 0.60872396 0.01420455 0.06380208
0 0.65518466 0.50130208 0.01633523 0.05208333
0 0.69460227 0.62044271 0.01704545 0.04296875
1 0.59303977 0.70638021 0.01704545 0.06119792
0 0.68146307 0.53190104 0.01917614 0.05338542
2 0.73899148 0.79101562 0.01633523 0.04817708
2 0.05255682 0.80794271 0.01562500 0.03515625
