2 0.04865057 0.83203125 0.01917614 0.04166667
2 0.54971591 0.76106771 0.01846591 0.04036458
0 0.15518466 0.74674479 0.01917614 0.03515625
0 0.29829545 0.63867188 0.01846591 0.03515625
2 0.17507102 0.72656250 0.01491477 0.03125000
2 0.84801136 0.89908854 0.02414773 0.06640625
0 0.20028409 0.75195312 0.02130682 0.04036458
2 0.42968750 0.64062500 0.01420455 0.05468750
2 0.84339489 0.81380208 0.01775568 0.03906250
2 0.57634943 0.69726562 0.01633523 0.03776042
2 0.26669034 0.59830729 0.01207386 0.02734375
