1 0.77166193 0.71223958 0.01917614 0.10416667
2 0.17151989 0.92643229 0.02769886 0.08984375
1 0.20809659 0.83854167 0.02130682 0.10937500
1 0.75248580 0.76822917 0.02059659 0.10156250
0 0.70703125 0.66080729 0.02343750 0.04557292
0 0.20348011 0.92057292 0.02627841 0.07552083
1 0.24928977 0.84049479 0.02130682 0.09505208
0 0.32386364 0.77018229 0.01278409 0.04817708
0 0.70063920 0.49153646 0.01917614 0.05078125
0 0.82634943 0.62630208 0.03480114 0.05729167
2 0.78373580 0.79492188 0.02343750 0.08203125
0 0.13849432 0.49283854 0.01278409 0.04036458
0 0.31640625 0.32421875 0.01207386 0.03125000
0 0.80504261 0.54817708 0.02059659 0.03645833
2 0.87819602 0.46419271 0.01349432 0.04557292
1 0.11186080 0.47526042 0.01207386 0.06250000
0 0.65269886 0.64843750 0.02130682 0.07812500
1 0.15198864 0.49088542 0.01278409 0.05989583
0 0.12215909 0.52278646 0.01278409 0.03515625
0 0.87109375 0.36197917 0.01207386 0.03385417
1 0.85688920 0.47981771 0.01065341 0.07682292
0 0.81214489 0.38281250 0.01207386 0.02343750
2 0.14559659 0.46093750 0.01136364 0.03125000
