1 0.73828125 0.79557292 0.03622159 0.10677083
1 0.46413352 0.75130208 0.02769886 0.11979167
1 0.32599432 0.88476562 0.02698864 0.07682292
1 0.17223011 0.54101562 0.02059659 0.07161458
1 0.14311080 0.48502604 0.01917614 0.07942708
2 0.50142045 0.86067708 0.03125000 0.07812500
2 0.29545455 0.63932292 0.02414773 0.08593750
1 0.26065341 0.51822917 0.02272727 0.07552083
1 0.49360795 0.37500000 0.01562500 0.07552083
2 0.23508523 0.50455729 0.01846591 0.06640625
0 0.85653409 0.72070312 0.02414773 0.06119792
0 0.42968750 0.70768229 0.02982955 0.07942708
0 0.60049716 0.45898438 0.02059659 0.05859375
2 0.61576705 0.46809896 0.01278409 0.02734375
2 0.08629261 0.56770833 0.01349432 0.04947917
