0 0.85085227 0.57031250 0.02130682 0.05208333
0 0.28657670 0.49674479 0.02343750 0.04296875
0 0.44850852 0.41731771 0.02059659 0.04557292
0 0.14843750 0.69205729 0.02982955 0.08203125
0 0.38068182 0.40950521 0.01704545 0.03776042
1 0.71022727 0.54036458 0.01988636 0.11197917
1 0.69176136 0.55924479 0.02130682 0.10026042
2 0.67471591 0.59309896 0.01846591 0.06119792
2 0.40589489 0.86914062 0.02627841 0.05338542
2 0.57173295 0.55403646 0.01988636 0.06119792
2 0.92436080 0.65625000 0.02201705 0.06250000
