2 0.58203125 0.90820312 0.02911932 0.09244792
2 0.20312500 0.93229167 0.02982955 0.08333333
1 0.56143466 0.75585938 0.02059659 0.04817708
0 0.21839489 0.64062500 0.01917614 0.03385417
0 0.44176136 0.49088542 0.01846591 0.02864583
2 0.75426136 0.38671875 0.01136364 0.01822917
2 0.85369318 0.83007812 0.02556818 0.07942708
0 0.57883523 0.73437500 0.02698864 0.07031250
0 0.65056818 0.72526042 0.02698864 0.06770833
1 0.70170455 0.88541667 0.02556818 0.06250000
0 0.16796875 0.74414062 0.01917614 0.02734375
2 0.76988636 0.43359375 0.01278409 0.04166667
2 0.25426136 0.79036458 0.01420455 0.03645833
