2 0.51775568 0.76757812 0.01846591 0.06901042
2 0.34694602 0.73697917 0.01917614 0.07291667
1 0.63565341 0.80013021 0.01704545 0.04557292
0 0.34588068 0.88541667 0.02982955 0.09635417
2 0.53977273 0.62174479 0.01278409 0.04036458
0 0.62428977 0.60546875 0.01562500 0.04166667
0 0.86576705 0.81966146 0.01704545 0.05859375
2 0.14985795 0.84244792 0.02698864 0.09635417
2 0.45632102 0.55273438 0.01349432 0.02994792
0 0.26953125 0.74739583 0.02485795 0.05208333
2 0.36399148 0.92773438 0.02343750 0.06380208
0 0.29190341 0.71614583 0.02130682 0.04166667
0 0.76775568 0.55859375 0.01136364 0.02343750
0 0.32102273 0.49609375 0.01420455 0.03906250
0 0.25568182 0.44791667 0.01136364 0.02604167
