2 0.54971591 0.84700521 0.01420455 0.05859375
0 0.20703125 0.68229167 0.01491477 0.04687500
1 0.52272727 0.84570312 0.01278409 0.07942708
0 0.49857955 0.74934896 0.01562500 0.04817708
2 0.48401989 0.87565104 0.01491477 0.06119792
2 0.49076705 0.77148438 0.01278409 0.05338542
2 0.53231534 0.69010417 0.01207386 0.04687500
2 0.26669034 0.61263021 0.01207386 0.04036458
0 0.55788352 0.59570312 0.01349432 0.03515625
1 0.45241477 0.85742188 0.01562500 0.08203125
2 0.58167614 0.68750000 0.01136364 0.04947917
2 0.31178977 0.55143229 0.00994318 0.03515625
0 0.63423295 0.49479167 0.00994318 0.03125000
0 0.29865057 0.55924479 0.01065341 0.03515625
0 0.60759943 0.49283854 0.00923295 0.02734375
2 0.89666193 0.50000000 0.00923295 0.03645833
