0 0.52521307 0.97135417 0.03622159 0.05468750
0 0.61434659 0.91731771 0.03409091 0.05078125
0 0.30326705 0.97851562 0.03693182 0.04036458
0 0.51704545 0.66406250 0.02698864 0.04427083
0 0.20276989 0.74804688 0.02343750 0.05598958
0 0.30504261 0.78125000 0.02627841 0.04687500
0 0.54474432 0.53580729 0.01988636 0.03776042
0 0.16122159 0.57031250 0.01704545 0.03645833
0 0.24609375 0.43815104 0.01349432 0.02994792
0 0.42329545 0.33854167 0.01278409 0.02343750
0 0.84161932 0.44921875 0.01704545 0.02343750
1 0.96093750 0.81184896 0.02840909 0.10286458
1 0.93004261 0.91080729 0.02627841 0.08463542
1 0.55859375 0.75976562 0.02059659 0.08203125
1 0.18359375 0.49739583 0.01349432 0.06510417
1 0.16832386 0.49934896 0.00994318 0.06119792
1 0.20530609 0.69226661 0.01562500 0.03515625
2 0.97370306 0.90811077 0.02698864 0.08203125
2 0.69850963 0.74646337 0.01633523 0.06901042
2 0.66169829 0.97566940 0.02343750 0.03645833
2 0.90448444 0.84466534 0.02059659 0.04036458
2 0.65495150 0.41206452 0.01065341 0.04036458
