0 0.60688920 0.93880208 0.02769886 0.08593750
0 0.49964489 0.54622396 0.02059659 0.08463542
0 0.38103693 0.52343750 0.02059659 0.06770833
0 0.53926675 0.95623930 0.02343750 0.06770833
0 0.30042614 0.55143229 0.02414773 0.05338542
0 0.51633523 0.91341146 0.02130682 0.06119792
0 0.10901989 0.91471354 0.02343750 0.06380208
0 0.50994318 0.48372396 0.01278409 0.03776042
0 0.77556818 0.53776042 0.00994318 0.02604167
1 0.57776989 0.92122396 0.01633523 0.10546875
1 0.45774148 0.80989583 0.01349432 0.09895833
1 0.63352273 0.60156250 0.00994318 0.05729167
1 0.62286932 0.61197917 0.00994318 0.04427083
1 0.00497159 0.74739583 0.00994318 0.05208333
1 0.47656250 0.39453125 0.00852273 0.03385417
2 0.44896187 0.94327364 0.01633523 0.07421875
2 0.59161932 0.83398438 0.01704545 0.07161458
2 0.48082386 0.97526042 0.01704545 0.04687500
2 0.55045023 0.98177083 0.01633523 0.03645833
2 0.43536932 0.66080729 0.01704545 0.03776042
2 0.53377546 0.78059479 0.01704545 0.03385417
