2 0.28232230 0.62663399 0.09405637 0.20996732
2 0.26930147 0.45302288 0.09436275 0.21405229
2 0.24708946 0.42361111 0.08302696 0.27287582
2 0.35738358 0.33680556 0.07689951 0.15155229
2 0.52022059 0.35049020 0.06372549 0.14787582
2 0.60906863 0.32945261 0.06617647 0.14093137
2 0.64920343 0.29473039 0.05330882 0.13276144
2 0.72058824 0.36560458 0.07536765 0.14460784
2 0.76179534 0.37561275 0.03952206 0.08210784
2 0.70833333 0.31535948 0.06985294 0.13071895
2 0.14843750 0.48999183 0.04442402 0.10988562
1 0.17386642 0.66094771 0.07751225 0.35375817
