1 0.37091503 0.81219363 0.17483660 0.10232843
1 0.45241013 0.58256740 0.14746732 0.07077206
1 0.26327614 0.38311887 0.14991830 0.03339461
1 0.20772059 0.34267770 0.06168301 0.03278186
1 0.25490196 0.48927696 0.05637255 0.07107843
1 0.47467320 0.23820466 0.08006536 0.02481618
1 0.19138072 0.29059436 0.05024510 0.04564951
1 0.05780229 0.34604779 0.06740196 0.03523284
1 0.05841503 0.11795343 0.03431373 0.04595588
1 0.01491013 0.08256740 0.02818627 0.02052696
0 0.15155229 0.35891544 0.09313725 0.05116422
