2 0.26685049 0.51205065 0.04656863 0.12377451
2 0.30943627 0.50040850 0.04718137 0.13643791
2 0.35094975 0.50898693 0.04871324 0.14460784
2 0.39736520 0.53431373 0.04901961 0.12418301
2 0.43964461 0.52103758 0.04901961 0.13929739
2 0.47993260 0.50285948 0.04319853 0.13071895
2 0.52129289 0.50285948 0.04319853 0.14542484
2 0.56357230 0.52859477 0.04687500 0.14624183
1 0.60431985 0.52920752 0.04319853 0.19403595
2 0.67156863 0.55657680 0.06188725 0.13439542
2 0.52022059 0.62152778 0.11397059 0.06086601
2 0.41314338 0.62030229 0.10018382 0.05433007
2 0.30330882 0.61642157 0.11397059 0.06045752
