2 0.24134615 0.56089744 0.06153846 0.05256410
2 0.24615385 0.63830128 0.04711538 0.10544872
2 0.29134615 0.62996795 0.04423077 0.10544872
2 0.31802885 0.63317308 0.06298077 0.08878205
2 0.23810096 0.72083333 0.08437500 0.06346154
2 0.21526442 0.79679487 0.05456731 0.09487179
2 0.27644231 0.81169872 0.06442308 0.11506410
2 0.35360577 0.82804487 0.07836538 0.10929487
2 0.32139423 0.73189103 0.08125000 0.09070513
2 0.36826923 0.69967949 0.08461538 0.08782051
2 0.48353365 0.60112179 0.08149038 0.11570513
2 0.51430288 0.77788462 0.06081731 0.12243590
2 0.60168269 0.40288462 0.06875000 0.12564103
2 0.66141827 0.34551282 0.09783654 0.11089744
2 0.87596154 0.47644231 0.06923077 0.13942308
