3 0.64275568 0.76497396 0.57670455 0.46223958
0 0.33660213 0.29283162 0.13516114 0.10034537
0 0.26006532 0.47519960 0.07219223 0.26356827
0 0.43987515 0.42726586 0.06539911 0.22441092
2 0.45795277 0.83213848 0.01843032 0.02851953
2 0.45784267 0.65676021 0.01722338 0.02514054
2 0.35145037 0.66777929 0.01409594 0.02049070
2 0.60539739 0.37468229 0.01222844 0.03481401
2 0.74297242 0.39920983 0.01343538 0.02448269
2 0.74563707 0.71541774 0.01379828 0.02600024
2 0.51029830 0.46549479 0.01349432 0.02473958
2 0.55681818 0.35742188 0.00994318 0.01953125
2 0.45987216 0.96158854 0.01633523 0.01953125
2 0.69069602 0.35221354 0.00639205 0.02994792
2 0.37819602 0.38867188 0.01349432 0.01953125
2 0.35724432 0.78841146 0.01278409 0.01432292
2 0.75497159 0.61588542 0.00994318 0.01562500
2 0.76020600 0.49407556 0.01184923 0.02177651
