0 0.69886364 0.41731771 0.16761364 0.59505208
0 0.32137784 0.42317708 0.15269886 0.59635417
0 0.51384943 0.10546875 0.25497159 0.21093750
0 0.40021307 0.44010417 0.04474432 0.41406250
1 0.50923295 0.71679688 0.10937500 0.02994792
3 0.35227273 0.79817708 0.24573864 0.39583333
2 0.25369830 0.20634980 0.01701951 0.02145506
2 0.25096433 0.35243481 0.01801850 0.02195592
2 0.25228136 0.49910666 0.02105216 0.02503588
2 0.77523976 0.20414449 0.01529880 0.02405658
2 0.77494210 0.34961650 0.01501337 0.02173165
2 0.77527590 0.50752200 0.01630075 0.02497164
2 0.77556818 0.64388021 0.01704545 0.00911458
2 0.25157799 0.64251540 0.01259134 0.01901800
