0 0.42970282 0.59122799 0.02117933 0.05825563
1 0.66873540 0.94207044 0.02151606 0.10750381
1 0.87400961 0.61506077 0.01483718 0.08110634
0 0.28232855 0.78175807 0.02067872 0.05265665
0 0.34572853 0.77304614 0.02395001 0.07135653
1 0.28247246 0.78799685 0.02220709 0.06434774
0 0.84024841 0.60113790 0.01616695 0.05344005
0 0.20999458 0.92894296 0.02235742 0.04094434
0 0.28113169 0.78958805 0.02445908 0.07051118
0 0.89217481 0.60382996 0.01710406 0.04605687
1 0.60250061 0.91994023 0.02682391 0.08010149
0 0.34564381 0.75710825 0.02300117 0.03967245
1 0.34637102 0.77355103 0.02498709 0.07114720
0 0.60268372 0.91588302 0.02666629 0.07263319
1 0.89213033 0.60830162 0.01784186 0.05441773
1 0.10450651 0.52963531 0.01688899 0.04918305
0 0.84051839 0.59024698 0.01464454 0.03149386
