1 0.35265274 0.52648014 0.01563631 0.08627133
2 0.55845891 0.32769955 0.03536775 0.17947227
1 0.46423834 0.89686914 0.02099748 0.05998524
0 0.46079829 0.62813999 0.01535186 0.05554958
0 0.46031250 0.62137099 0.01427200 0.04165514
0 0.03554348 0.80208000 0.02065551 0.05324539
0 0.43503922 0.38628650 0.01128067 0.01751916
1 0.32330342 0.74071705 0.01583659 0.05396676
0 0.32347603 0.32694856 0.01201300 0.04389461
0 0.19339565 0.85544976 0.02703686 0.06394641
0 0.16032512 0.84018278 0.01913329 0.04716110
0 0.43455544 0.37633791 0.01576796 0.03105183
0 0.26392959 0.51561113 0.01325848 0.03737489
