1 0.43426722 0.65776187 0.02959173 0.20294877
0 0.25092396 0.88524195 0.04106877 0.09883348
0 0.72469315 0.90975487 0.04425599 0.11239854
0 0.55487839 0.64897219 0.02987519 0.07343149
0 0.90264364 0.81578139 0.02312608 0.09571942
0 0.37063980 0.72677664 0.02567378 0.10601242
1 0.37052372 0.72779500 0.02571095 0.10443727
1 0.38835352 0.85882505 0.02996185 0.08096075
1 0.38632753 0.90851895 0.09025114 0.18296210
1 0.34378863 0.41456932 0.01815854 0.05800013
1 0.29476902 0.72057984 0.02436753 0.12273284
1 0.72229667 0.54260262 0.04029213 0.10749205
0 0.08591455 0.74327604 0.02552638 0.08041445
0 0.55493075 0.63617132 0.02953785 0.04752974
0 0.06440740 0.73738766 0.01869920 0.05281417
0 0.34375733 0.40563935 0.01627515 0.03961368
0 0.29511828 0.75216611 0.02357732 0.06804085
1 0.08590431 0.74347874 0.02618265 0.08078822
1 0.07005487 0.85890885 0.03609864 0.10667253
0 0.08315271 0.72511351 0.01970555 0.04281274
0 0.72823616 0.88105241 0.03658754 0.05397081
0 0.21340710 0.44908808 0.01281127 0.04214132
1 0.90246318 0.81829639 0.02345319 0.10186235
0 0.84866207 0.43544344 0.01394957 0.03375530
0 0.64948325 0.45795399 0.01504161 0.03099136
