0 0.63786650 0.66215434 0.01828740 0.05045402
0 0.75848714 0.97625367 0.02144319 0.04749266
1 0.75827473 0.97629881 0.02145429 0.04740238
1 0.34656503 0.85250799 0.01984843 0.08518521
0 0.25859191 0.83855585 0.01742025 0.07196848
0 0.30582747 0.47702156 0.01280338 0.02175200
0 0.34647425 0.85064995 0.02024440 0.08557773
1 0.59132908 0.71863103 0.01445974 0.07063834
1 0.25938565 0.84201686 0.01883030 0.07804871
1 0.80923475 0.89663744 0.02254894 0.09528971
0 0.75626620 0.52914004 0.01710155 0.03622293
0 0.86886532 0.71044334 0.01566341 0.03944445
0 0.59131826 0.71686526 0.01410216 0.06711459
0 0.86644988 0.72004453 0.02117920 0.05993255
