1 0.36549310 0.69426763 0.01866111 0.10318542
1 0.32724353 0.65939971 0.01947860 0.10232822
0 0.30481797 0.80603456 0.02575265 0.09238625
0 0.39964804 0.72788930 0.02332562 0.09387414
0 0.69459053 0.63054351 0.02653833 0.05320970
0 0.26457057 0.71934088 0.02397483 0.08948231
0 0.74142512 0.61479000 0.02243259 0.06337214
1 0.26482640 0.71967856 0.02441317 0.09066264
1 0.34513506 0.81350625 0.02341309 0.08575527
0 0.30576280 0.71259264 0.01818594 0.08539732
1 0.23642169 0.52646184 0.01450729 0.08276963
1 0.25280756 0.56704315 0.01927031 0.07122644
1 0.30609322 0.71345552 0.01877239 0.08710432
1 0.08925831 0.43786899 0.00900942 0.03823082
1 0.28452880 0.74635907 0.01303235 0.06578310
0 0.36861141 0.77663024 0.02331823 0.06727552
1 0.80584275 0.66118340 0.02413992 0.10427324
1 0.24080529 0.58886556 0.01602739 0.06317226
1 0.28739937 0.76854185 0.01880175 0.10691317
1 0.34252982 0.44991289 0.01662801 0.07903206
1 0.13751970 0.43268387 0.01146555 0.05955116
0 0.20423204 0.54522781 0.01572553 0.04821849
1 0.20441249 0.54564655 0.01607741 0.05043149
1 0.60374414 0.61833562 0.02548170 0.11000939
0 0.18136413 0.59341804 0.02343866 0.07645496
0 0.38830660 0.80440426 0.02058909 0.07378991
1 0.12278559 0.41868569 0.00903015 0.03850242
1 0.21700389 0.55336569 0.01924888 0.09747763
0 0.10347480 0.37409214 0.01322381 0.03447382
1 0.17810547 0.59031131 0.01656730 0.07441533
1 0.60271207 0.60264792 0.02179935 0.07919927
0 0.74163797 0.59701836 0.02082192 0.02743848
0 0.69547107 0.64612136 0.03065083 0.08388627
0 0.15975778 0.56184405 0.01538563 0.06069569
1 0.82413574 0.46447611 0.01245247 0.09480890
1 0.82519241 0.46665525 0.01735973 0.09612608
1 0.28689360 0.74508985 0.01835929 0.06146526
1 0.32798088 0.67436250 0.01745313 0.07311980
0 0.34135247 0.42351802 0.01558037 0.07141574
1 0.23216366 0.52863453 0.01380506 0.08501200
0 0.13174813 0.35708135 0.01202590 0.02494435
