0 0.50343546 0.70456497 0.02226686 0.07000860
0 0.33119667 0.73515590 0.02807606 0.08892584
1 0.76641156 0.83384216 0.02412441 0.11167375
0 0.23100432 0.79999868 0.03450701 0.10555649
1 0.61282936 0.60106824 0.01615347 0.04717958
0 0.76687444 0.83474759 0.02382304 0.11383224
1 0.43650094 0.65740033 0.02423945 0.05440307
1 0.33149860 0.73638439 0.02891731 0.09091647
0 0.23031992 0.77432863 0.03185634 0.05502017
1 0.43295715 0.65595069 0.01686205 0.05295916
1 0.23083341 0.80215760 0.03434118 0.11006761
1 0.50374918 0.70567350 0.02267088 0.07188598
1 0.22920315 0.70781169 0.01765986 0.08342659
