2 0.204167 0.089844 0.166667 0.104687
2 0.215625 0.829688 0.147917 0.090625
2 0.220833 0.594531 0.145833 0.110938
2 0.223958 0.350781 0.139583 0.085938
2 0.411458 0.770312 0.147917 0.131250
2 0.414583 0.353906 0.150000 0.064062
2 0.422917 0.568750 0.141667 0.109375
2 0.425000 0.125781 0.137500 0.048437
2 0.595833 0.099219 0.158333 0.104687
2 0.590625 0.309375 0.139583 0.134375
2 0.601042 0.746094 0.135417 0.132812
2 0.597917 0.546875 0.125000 0.115625
2 0.734375 0.129688 0.135417 0.071875
2 0.732292 0.348438 0.131250 0.053125
2 0.735417 0.741406 0.129167 0.098438
2 0.745833 0.523438 0.125000 0.131250
