1 0.086988 0.087054 0.173977 0.174107
1 0.084795 0.512277 0.169591 0.171875
1 0.089181 0.699777 0.178363 0.216518
1 0.078947 0.906250 0.157895 0.187500
1 0.069444 0.319196 0.115497 0.165179
1 0.179094 0.918527 0.033626 0.162946
1 0.279971 0.133929 0.176901 0.160714
1 0.280702 0.315848 0.178363 0.140625
1 0.263158 0.033482 0.140351 0.066964
1 0.453947 0.842634 0.457602 0.314732
1 0.328216 0.468750 0.083333 0.116071
1 0.340643 0.617188 0.067251 0.131696
1 0.531433 0.232143 0.118421 0.111607
1 0.537281 0.363839 0.115497 0.107143
1 0.485380 0.516741 0.011696 0.100446
1 0.497807 0.513393 0.010234 0.107143
1 0.513158 0.511161 0.020468 0.102679
1 0.539474 0.522321 0.020468 0.107143
1 0.572368 0.516741 0.039474 0.131696
1 0.730994 0.504464 0.096491 0.125000
1 0.709795 0.347098 0.048246 0.095982
1 0.769006 0.349330 0.029240 0.078125
1 0.771930 0.235491 0.029240 0.091518
1 0.933480 0.496652 0.092105 0.069196
1 0.936404 0.587054 0.092105 0.075893
1 0.974415 0.338170 0.051170 0.055804
1 0.975146 0.277902 0.049708 0.055804
1 0.975877 0.204241 0.048246 0.055804
1 0.982456 0.383929 0.008772 0.049107
