0 0.35369318 0.62434896 0.01988636 0.04036458
0 0.75106534 0.54101562 0.01633523 0.03255208
0 0.78799716 0.52408854 0.01349432 0.01953125
0 0.03267045 0.42643229 0.00994318 0.01953125
0 0.67826705 0.38151042 0.00994318 0.01302083
0 0.07599432 0.37955729 0.00568182 0.01692708
1 0.40234375 0.54492188 0.02059659 0.08203125
1 0.20099432 0.83789062 0.01278409 0.07161458
1 0.08309659 0.84830729 0.01278409 0.06380208
2 0.86077914 0.80229331 0.01988636 0.05078125
2 0.45200146 0.64849929 0.01420455 0.05859375
2 0.92880231 0.89109246 0.02414773 0.08854167
2 0.86675232 0.74118094 0.01988636 0.03906250
2 0.58164908 0.51608366 0.01278409 0.05729167
2 0.09517045 0.91601562 0.02414773 0.02734375
2 0.26526989 0.82031250 0.02343750 0.02343750
2 0.41761401 0.62614093 0.01633523 0.06380208
2 0.11434659 0.95377604 0.01278409 0.04036458
2 0.11789773 0.84505208 0.01988636 0.02343750
